n:  0 -6.850765930323297 -1.7474004062780017
n:  1 -6.501034811568911 -1.7474004062780017
n:  2 -6.465114719721804 -1.7474004062780017
n:  3 -6.151065663942757 -1.7474004062780017
n:  4 -5.829988866416982 -1.7474004062780017
n:  5 -5.605715036725577 -1.7474004062780017
n:  6 -5.508652470155857 -1.7474004062780017
n:  7 -5.327915567978971 -1.7474004062780017
n:  8 -5.257253030409324 -1.7474004062780017
n:  9 -5.197577047380693 -1.7474004062780017
n:  10 -5.0310954399495635 -1.7474004062780017
n:  11 -4.9590366990048045 -1.7474004062780017
n:  12 -4.920007813885161 -1.7474004062780017
n:  13 -4.856447894072518 -1.7474004062780017
n:  14 -4.704989018550903 -1.7474004062780017
n:  15 -4.643747365881773 -1.7474004062780017
n:  16 -4.576298311286193 -1.7474004062780017
n:  17 -4.500868045216276 -1.7474004062780017
n:  18 -4.446401399936006 -1.7474004062780017
n:  19 -4.338318625295277 -1.7474004062780017
n:  20 -4.278856427281599 -1.7474004062780017
n:  21 -4.239843745354077 -1.7474004062780017
n:  22 -4.188566602523923 -1.7474004062780017
n:  23 -4.121932721320444 -1.7474004062780017
n:  24 -4.0539554237998505 -1.5256827549509027
n:  25 -4.000727989747357 -1.5256827549509027
n:  26 -3.9427696596048194 -1.5256827549509027
n:  27 -3.9249823364764542 -1.5256827549509027
n:  28 -3.8748583660928535 -1.5256827549509027
n:  29 -3.868449214433824 -1.44870780247668
n:  30 -3.814105791768804 -1.44870780247668
n:  31 -3.780047231815581 -1.44870780247668
n:  32 -3.773410279958685 -1.44870780247668
n:  33 -3.761271308198621 -1.44870780247668
n:  34 -3.7372937204315004 -1.44870780247668
n:  35 -3.7106678927086243 -1.44870780247668
n:  36 -3.709468211261534 -1.44870780247668
n:  37 -3.682303784778449 -1.44870780247668
n:  38 -3.669944574541735 -1.44870780247668
n:  39 -3.638962509101865 -1.44870780247668
n:  40 -3.638934831559062 -1.44870780247668
n:  41 -3.622917387159142 -1.44870780247668
n:  42 -3.6140469695018282 -1.44870780247668
n:  43 -3.5859610131673363 -1.44870780247668
n:  44 -3.5746968456466703 -1.44870780247668
n:  45 -3.55802467033329 -1.44870780247668
n:  46 -3.5287559231887786 -1.44870780247668
n:  47 -3.524095096658253 -1.44870780247668
n:  48 -3.504012994911933 -1.44870780247668
n:  49 -3.486301058215679 -1.44870780247668
n:  50 -3.4646612209630727 -1.44870780247668
n:  51 -3.4251124561140456 -1.44870780247668
n:  52 -3.400807786458251 -1.44870780247668
n:  53 -3.35966915375929 -1.44870780247668
n:  54 -3.353064457400773 -1.44870780247668
n:  55 -3.3205975212112593 -1.44870780247668
n:  56 -3.317187033828236 -1.44870780247668
n:  57 -3.3133140743483365 -1.400252265525257
n:  58 -3.290767495015459 -1.400252265525257
n:  59 -3.274254277835141 -1.400252265525257
n:  60 -3.2643784265153193 -1.400252265525257
n:  61 -3.2477540967748393 -1.400252265525257
n:  62 -3.2414209772663036 -1.400252265525257
n:  63 -3.240775536363011 -1.400252265525257
n:  64 -3.219209453563641 -1.400252265525257
n:  65 -3.197795777642637 -1.2697757824620215
n:  66 -3.1894893460778913 -1.2697757824620215
n:  67 -3.1788205690058104 -1.2697757824620215
n:  68 -3.1543405499647172 -1.2697757824620215
n:  69 -3.148367173106701 -1.2697757824620215
n:  70 -3.1430241648761927 -1.2697757824620215
n:  71 -3.1362924958983784 -1.2697757824620215
n:  72 -3.126425729548107 -1.2697757824620215
n:  73 -3.0768718118887763 -1.2697757824620215
n:  74 -3.0588655307919863 -1.2697757824620215
n:  75 -3.03887602653875 -1.2697757824620215
n:  76 -3.023807961175683 -1.1506281519720938
n:  77 -3.0200076187012352 -1.1506281519720938
n:  78 -2.9983837222997964 -0.8198180685199352
n:  79 -2.9914679844018006 -0.8198180685199352
n:  80 -2.980789515258305 -0.8198180685199352
n:  81 -2.974898703178231 -0.8198180685199352
n:  82 -2.9734936638942235 -0.8198180685199352
n:  83 -2.951888137509402 -0.8198180685199352
n:  84 -2.937673757887014 -0.8198180685199352
n:  85 -2.9270608342137803 -0.8198180685199352
n:  86 -2.9238660888471975 -0.8198180685199352
n:  87 -2.9222487437011266 -0.8198180685199352
n:  88 -2.916449387137092 -0.8198180685199352
n:  89 -2.9059179362112584 -0.8198180685199352
n:  90 -2.8925056037997012 -0.8198180685199352
n:  91 -2.874560301000009 -0.8198180685199352
n:  92 -2.854849535220914 -0.8198180685199352
n:  93 -2.8517785955037978 -0.8198180685199352
n:  94 -2.833421264410087 -0.8198180685199352
n:  95 -2.818814265329364 -0.8198180685199352
n:  96 -2.804247273180975 -0.8198180685199352
n:  97 -2.799050554804183 -0.8198180685199352
n:  98 -2.789563339022874 -0.8198180685199352
n:  99 -2.7698793844313703 -0.8198180685199352
n:  100 -2.759000803203015 -0.8198180685199352
n:  101 -2.7535631097450106 -0.8198180685199352
n:  102 -2.7496212904695967 -0.8198180685199352
n:  103 -2.746913131223332 -0.8198180685199352
n:  104 -2.737193346299614 -0.8198180685199352
n:  105 -2.736370651122357 -0.8198180685199352
n:  106 -2.7332027830536374 -0.8198180685199352
n:  107 -2.7222082837772485 -0.8198180685199352
n:  108 -2.7146320613771495 -0.8198180685199352
n:  109 -2.708580651568026 -0.8198180685199352
n:  110 -2.700856293786751 -0.8198180685199352
n:  111 -2.7001409419357474 -0.8198180685199352
n:  112 -2.688004038658974 -0.8198180685199352
n:  113 -2.6802528592770325 -0.8198180685199352
n:  114 -2.676801063000645 -0.8198180685199352
n:  115 -2.6702453411508262 -0.8198180685199352
n:  116 -2.665263133062587 -0.8198180685199352
n:  117 -2.659779296916881 -0.8198180685199352
n:  118 -2.640790126384759 -0.8198180685199352
n:  119 -2.6385251952888975 -0.8198180685199352
n:  120 -2.6380624082456716 -0.8198180685199352
n:  121 -2.6317112320113707 -0.8198180685199352
n:  122 -2.6216410586491237 -0.8198180685199352
n:  123 -2.613502372022519 -0.8198180685199352
n:  124 -2.60715444205025 -0.8198180685199352
n:  125 -2.6040409741396497 -0.8198180685199352
n:  126 -2.597285862006942 -0.8198180685199352
n:  127 -2.5972858620069417 -0.8198180685199352
n:  128 -2.5857825916584853 -0.8198180685199352
n:  129 -2.5857825916584845 -0.8198180685199352
n:  130 -2.5765327916648384 -0.8198180685199352
n:  131 -2.566359604426759 -0.8198180685199352
n:  132 -2.56336826304102 -0.8198180685199352
n:  133 -2.556195910177249 -0.8198180685199352
n:  134 -2.5528217312249692 -0.8198180685199352
n:  135 -2.547963515842967 -0.8198180685199352
n:  136 -2.5386357938433677 -0.8198180685199352
n:  137 -2.5360738911783507 -0.8198180685199352
n:  138 -2.535443787780035 -0.8198180685199352
n:  139 -2.53480141593626 -0.8198180685199352
n:  140 -2.5316266127269125 -0.8198180685199352
n:  141 -2.5279658401579628 -0.8198180685199352
n:  142 -2.522264077080487 -0.8198180685199352
n:  143 -2.520647498117503 -0.8198180685199352
n:  144 -2.5128273948037316 -0.8198180685199352
n:  145 -2.5095969694028355 -0.8198180685199352
n:  146 -2.5076839941708813 -0.8198180685199352
n:  147 -2.505918177914172 -0.8198180685199352
n:  148 -2.502355225563218 -0.8198180685199352
n:  149 -2.491330762057497 -0.8198180685199352
n:  150 -2.483331460286728 -0.8198180685199352
n:  151 -2.477119647785392 -0.8198180685199352
n:  152 -2.4762125674648856 -0.8198180685199352
n:  153 -2.4729285793153766 -0.8198180685199352
n:  154 -2.469666994864336 -0.8198180685199352
n:  155 -2.4610994326073894 -0.8198180685199352
n:  156 -2.456875936447348 -0.8198180685199352
n:  157 -2.4537165819393474 -0.8198180685199352
n:  158 -2.4465194250474496 -0.8198180685199352
n:  159 -2.4432861849266008 -0.8198180685199352
n:  160 -2.4416409181027 -0.8198180685199352
n:  161 -2.4366665282693187 -0.8198180685199352
n:  162 -2.4366252018189765 -0.8198180685199352
n:  163 -2.4264680114862958 -0.8198180685199352
n:  164 -2.421977804310824 -0.8198180685199352
n:  165 -2.416011644311125 -0.8054753544612181
n:  166 -2.416011644311125 -0.8054753544612181
n:  167 -2.4117176728498873 -0.8054753544612181
n:  168 -2.4081472821355314 -0.8054753544612181
n:  169 -2.4074260709943403 -0.8054753544612181
n:  170 -2.4052077828300624 -0.8054753544612181
n:  171 -2.4017325364580286 -0.8054753544612181
n:  172 -2.398070701645457 -0.8054753544612181
n:  173 -2.393035766017848 -0.8054753544612181
n:  174 -2.391217837852268 -0.8054753544612181
n:  175 -2.385790483978809 -0.8054753544612181
n:  176 -2.3843081049913435 -0.8032727269969159
n:  177 -2.381769613772126 -0.8032727269969159
n:  178 -2.3786459137503773 -0.8032727269969159
n:  179 -2.371184079764633 -0.8032727269969159
n:  180 -2.3677592293145664 -0.8032727269969159
n:  181 -2.36554589401955 -0.8032727269969159
n:  182 -2.3614553553590873 -0.8032727269969159
n:  183 -2.360136632462609 -0.8032727269969159
n:  184 -2.358681463949553 -0.8032727269969159
n:  185 -2.354118369749129 -0.8032727269969159
n:  186 -2.35189090962014 -0.8032727269969159
n:  187 -2.341877260824375 -0.8032727269969159
n:  188 -2.3415374706848913 -0.8032727269969159
n:  189 -2.3414141986946237 -0.7909455279701931
n:  190 -2.3386906952775584 -0.7169573120529922
n:  191 -2.335044612188652 -0.7169573120529922
n:  192 -2.3291593401810817 -0.7169573120529922
n:  193 -2.3226878604535064 -0.7169573120529922
n:  194 -2.3182057451540685 -0.7169573120529922
n:  195 -2.3181676150096853 -0.7169573120529922
n:  196 -2.3162412334274878 -0.7169573120529922
n:  197 -2.310947697713794 -0.7169573120529922
n:  198 -2.3107356274217365 -0.7169573120529922
n:  199 -2.304218849964309 -0.7169573120529922
n:  200 -2.30188307873849 -0.7169573120529922
n:  201 -2.3009315612966033 -0.7169573120529922
n:  202 -2.297589053457226 -0.7169573120529922
n:  203 -2.2874988004873598 -0.7169573120529922
n:  204 -2.284004749050116 -0.7169573120529922
n:  205 -2.2798829116971837 -0.7169573120529922
n:  206 -2.2773141501025767 -0.7169573120529922
n:  207 -2.268932728826651 -0.7169573120529922
n:  208 -2.262752670174433 -0.7169573120529922
n:  209 -2.260361799721818 -0.7169573120529922
n:  210 -2.256217746060103 -0.7169573120529922
n:  211 -2.249169153895082 -0.7169573120529922
n:  212 -2.247991554435138 -0.7169573120529922
n:  213 -2.2448157998760205 -0.7169573120529922
n:  214 -2.243406007365489 -0.7169573120529922
n:  215 -2.242935619054783 -0.7169573120529922
n:  216 -2.24094428690878 -0.7169573120529922
n:  217 -2.236861654028955 -0.7169573120529922
n:  218 -2.229239972721091 -0.7169573120529922
n:  219 -2.226248732033187 -0.7169573120529922
n:  220 -2.2227289150283607 -0.7169573120529922
n:  221 -2.219515028171487 -0.7169573120529922
n:  222 -2.218375392345688 -0.7169573120529922
n:  223 -2.207768472849507 -0.7169573120529922
n:  224 -2.206278021179665 -0.7169573120529922
n:  225 -2.205631932552293 -0.7169573120529922
n:  226 -2.202354455207928 -0.6852966727188621
n:  227 -2.20185576641308 -0.6852966727188621
n:  228 -2.1985761193656526 -0.38899260731023144
n:  229 -2.1984291447966333 -0.38899260731023144
n:  230 -2.1940284639506533 -0.38899260731023144
n:  231 -2.1927174496960236 -0.38899260731023144
n:  232 -2.1925135322356866 -0.38899260731023144
n:  233 -2.191037923915013 -0.38899260731023144
n:  234 -2.189663103579141 -0.38899260731023144
n:  235 -2.1877075975949007 -0.38899260731023144
n:  236 -2.1873712407978343 -0.38899260731023144
n:  237 -2.1846799493983777 -0.38899260731023144
n:  238 -2.183915173255775 -0.38899260731023144
n:  239 -2.1832192268900563 -0.38899260731023144
n:  240 -2.1826265889389465 -0.38899260731023144
n:  241 -2.1792388228641983 -0.38899260731023144
n:  242 -2.173050308351485 -0.38899260731023144
n:  243 -2.1718865145296857 -0.38899260731023144
n:  244 -2.170318731573316 -0.38899260731023144
n:  245 -2.1690396540437855 -0.38899260731023144
n:  246 -2.163585222836574 -0.38899260731023144
n:  247 -2.161082646401375 -0.38899260731023144
n:  248 -2.158713732220541 -0.38899260731023144
n:  249 -2.1539640925754715 -0.38899260731023144
n:  250 -2.1536515709418107 -0.38899260731023144
n:  251 -2.1518580952617428 -0.33612155946905986
n:  252 -2.1501671898647716 -0.33612155946905986
n:  253 -2.1497334450169503 -0.33612155946905986
n:  254 -2.1432568121912445 -0.33612155946905986
n:  255 -2.140926808678634 -0.33612155946905986
n:  256 -2.139421345339215 -0.33612155946905986
n:  257 -2.133682714871484 -0.33612155946905986
n:  258 -2.127601684961636 -0.33612155946905986
n:  259 -2.123696483195643 -0.33612155946905986
n:  260 -2.1190602409268218 -0.33612155946905986
n:  261 -2.1183097215462574 -0.33612155946905986
n:  262 -2.118309721546258 -0.33612155946905986
n:  263 -2.1171755720954857 -0.33612155946905986
n:  264 -2.107895156587284 -0.33612155946905986
n:  265 -2.105005244408146 -0.33612155946905986
n:  266 -2.1029383011476845 -0.3005140680898779
n:  267 -2.102938301147684 -0.3005140680898779
n:  268 -2.100061198683635 -0.3005140680898779
n:  269 -2.0979663905325037 -0.3005140680898779
n:  270 -2.094944515775235 -0.3005140680898779
n:  271 -2.0923141025562852 -0.3005140680898779
n:  272 -2.0899630963356968 -0.3005140680898779
n:  273 -2.0893434285301313 -0.3005140680898779
n:  274 -2.089100653307928 -0.3005140680898779
n:  275 -2.0844695904227803 -0.3005140680898779
n:  276 -2.078596777577243 -0.3005140680898779
n:  277 -2.074729880921509 -0.3005140680898779
n:  278 -2.0707463182548276 -0.3005140680898779
n:  279 -2.0694481560286198 -0.3005140680898779
n:  280 -2.066662216430228 -0.3005140680898779
n:  281 -2.0646069338420374 -0.3005140680898779
n:  282 -2.0545422015477333 -0.3005140680898779
n:  283 -2.052402736812022 -0.3005140680898779
n:  284 -2.048899595561966 -0.3005140680898779
n:  285 -2.0459420308494303 -0.3005140680898779
n:  286 -2.0423296565523357 -0.3005140680898779
n:  287 -2.040898875171502 -0.3005140680898779
n:  288 -2.040642181292506 -0.3005140680898779
n:  289 -2.0373672453937743 -0.3005140680898779
n:  290 -2.0366742160259026 -0.3005140680898779
n:  291 -2.033320185754809 -0.3005140680898779
n:  292 -2.0316568143926528 -0.3005140680898779
n:  293 -2.031091568785383 -0.3005140680898779
n:  294 -2.0288333950231645 -0.3005140680898779
n:  295 -2.028371025681034 -0.3005140680898779
n:  296 -2.019954854088248 -0.3005140680898779
n:  297 -2.018681348822056 -0.3005140680898779
n:  298 -2.0155665184843503 -0.3005140680898779
n:  299 -2.0108875974158833 -0.3005140680898779
n:  300 -2.00989049603858 -0.3005140680898779
n:  301 -2.009789069209364 -0.3005140680898779
n:  302 -1.9987033251755337 0.04596082192318107
n:  303 -1.9951813565425796 0.04596082192318107
n:  304 -1.9926444078817547 0.04596082192318107
n:  305 -1.9918121347632363 0.04596082192318107
n:  306 -1.9879720518952038 0.04596082192318107
n:  307 -1.9856185913744024 0.04596082192318107
n:  308 -1.9809638392594784 0.04596082192318107
n:  309 -1.980746823367038 0.04596082192318107
n:  310 -1.9804212645692565 0.04596082192318107
n:  311 -1.976974731880109 0.04596082192318107
n:  312 -1.9753064378536669 0.04596082192318107
n:  313 -1.9747961670969247 0.04596082192318107
n:  314 -1.96938553991337 0.04596082192318107
n:  315 -1.9692277619938352 0.04596082192318107
n:  316 -1.9640135668959153 0.04596082192318107
n:  317 -1.9627382571118517 0.04596082192318107
n:  318 -1.961492074830308 0.04596082192318107
n:  319 -1.9614920748303075 0.04596082192318107
n:  320 -1.959289903133667 0.04596082192318107
n:  321 -1.9536504684050646 0.04596082192318107
n:  322 -1.951901058006273 0.04596082192318107
n:  323 -1.9515448811228624 0.04596082192318107
n:  324 -1.9510177177894676 0.04596082192318107
n:  325 -1.9501184100697686 0.04596082192318107
n:  326 -1.9468517107190064 0.04596082192318107
n:  327 -1.944864912292675 0.04596082192318107
n:  328 -1.9414447177487437 0.04596082192318107
n:  329 -1.9409999929729531 0.04596082192318107
n:  330 -1.9396081980525697 0.04596082192318107
n:  331 -1.9365941733676968 0.04596082192318107
n:  332 -1.9361254403320505 0.04596082192318107
n:  333 -1.9351214298356576 0.04596082192318107
n:  334 -1.9334966076219084 0.04596082192318107
n:  335 -1.933073060643898 0.04596082192318107
n:  336 -1.9306449504975092 0.04596082192318107
n:  337 -1.9303218849369566 0.04596082192318107
n:  338 -1.926048464271714 0.04596082192318107
n:  339 -1.922499348374412 0.04596082192318107
n:  340 -1.9222642613849548 0.04596082192318107
n:  341 -1.9215508036744133 0.04596082192318107
n:  342 -1.9208687585852187 0.04596082192318107
n:  343 -1.9203173144653691 0.04596082192318107
n:  344 -1.920141228665524 0.04596082192318107
n:  345 -1.9176238379160042 0.04596082192318107
n:  346 -1.9132191765530047 0.04596082192318107
n:  347 -1.9129070764193339 0.04596082192318107
n:  348 -1.9129070764193339 0.04596082192318107
n:  349 -1.9086862492753978 0.04596082192318107
n:  350 -1.9085798524626651 0.04596082192318107
n:  351 -1.9085798524626647 0.04596082192318107
n:  352 -1.9063569873625477 0.04596082192318107
n:  353 -1.9063569873625479 0.04596082192318107
n:  354 -1.904490328458565 0.04596082192318107
n:  355 -1.9044903284585653 0.04596082192318107
n:  356 -1.9035716501631503 0.04596082192318107
n:  357 -1.9003624788317603 0.04596082192318107
n:  358 -1.8988304146685524 0.04596082192318107
n:  359 -1.8987443401895823 0.04596082192318107
n:  360 -1.897882811441302 0.04596082192318107
n:  361 -1.8974936394978728 0.04596082192318107
n:  362 -1.8968996551207582 0.04596082192318107
n:  363 -1.8963578471800597 0.04596082192318107
n:  364 -1.89592630073206 0.04596082192318107
n:  365 -1.893198346601481 0.04596082192318107
n:  366 -1.8926143896418655 0.04596082192318107
n:  367 -1.8925310369977004 0.04596082192318107
n:  368 -1.885288155304329 0.04596082192318107
n:  369 -1.884309834364709 0.04596082192318107
n:  370 -1.884183770564644 0.04596082192318107
n:  371 -1.884183770564644 0.04596082192318107
n:  372 -1.8830132254934173 0.04596082192318107
n:  373 -1.8818352609475621 0.04596082192318107
n:  374 -1.8795244657031236 0.04596082192318107
n:  375 -1.8749430255523387 0.04596082192318107
n:  376 -1.874943025552338 0.04596082192318107
n:  377 -1.8715117822221834 0.04596082192318107
n:  378 -1.8707590428252294 0.04596082192318107
n:  379 -1.8704093029663178 0.04596082192318107
n:  380 -1.8665195298761015 0.04596082192318107
n:  381 -1.8653363965530867 0.04596082192318107
n:  382 -1.8600659326283386 0.04596082192318107
n:  383 -1.8550272741439795 0.04596082192318107
n:  384 -1.85314181958349 0.04596082192318107
n:  385 -1.8531418195834897 0.04596082192318107
n:  386 -1.852487356985092 0.04596082192318107
n:  387 -1.847857357683799 0.04596082192318107
n:  388 -1.8475633970711207 0.04596082192318107
n:  389 -1.8436183577182066 0.04596082192318107
n:  390 -1.8436183577182066 0.04596082192318107
n:  391 -1.8413026696777282 0.04596082192318107
n:  392 -1.8400145255720488 0.04596082192318107
n:  393 -1.8375670545755554 0.04596082192318107
n:  394 -1.837520678474586 0.04596082192318107
n:  395 -1.835029305835894 0.04596082192318107
n:  396 -1.8344359606337222 0.04596082192318107
n:  397 -1.8313462341927038 0.04596082192318107
n:  398 -1.8294681618012183 0.04596082192318107
n:  399 -1.8290215963508722 0.04596082192318107
n:  400 -1.8274938988140317 0.04596082192318107
n:  401 -1.8259452780154566 0.04596082192318107
n:  402 -1.8259452780154564 0.04596082192318107
n:  403 -1.8242916947234695 0.04596082192318107
n:  404 -1.8220356667733077 0.04596082192318107
n:  405 -1.820599125072111 0.04596082192318107
n:  406 -1.816635250557936 0.04596082192318107
n:  407 -1.8148195165763463 0.04596082192318107
n:  408 -1.8143232022446056 0.04596082192318107
n:  409 -1.8125521517041248 0.04596082192318107
n:  410 -1.8099992998983145 0.04596082192318107
n:  411 -1.809524537449407 0.04596082192318107
n:  412 -1.808023841368938 0.04596082192318107
n:  413 -1.8071280289113758 0.04596082192318107
n:  414 -1.8058080962299223 0.04596082192318107
n:  415 -1.8021676898365877 0.04596082192318107
n:  416 -1.8009294071473039 0.04596082192318107
n:  417 -1.8004724039637512 0.04596082192318107
n:  418 -1.7971546095507016 0.04596082192318107
n:  419 -1.7898788036790991 0.04596082192318107
n:  420 -1.7886122243453622 0.04596082192318107
n:  421 -1.7818459052216213 0.04596082192318107
n:  422 -1.781845905221621 0.04596082192318107
n:  423 -1.7796414735265031 0.04596082192318107
n:  424 -1.7788475713303316 0.04596082192318107
n:  425 -1.7740692132580966 0.04596082192318107
n:  426 -1.7740692132580969 0.04596082192318107
n:  427 -1.773742731607721 0.04596082192318107
n:  428 -1.7708836674194357 0.04596082192318107
n:  429 -1.7690063758458434 0.04596082192318107
n:  430 -1.7670238360988357 0.04596082192318107
n:  431 -1.766996151130146 0.04596082192318107
n:  432 -1.76635187433104 0.04596082192318107
n:  433 -1.7639614214799877 0.04596082192318107
n:  434 -1.7639614214799884 0.04596082192318107
n:  435 -1.7594618571304608 0.04596082192318107
n:  436 -1.7590732999971304 0.04596082192318107
n:  437 -1.7590732999971304 0.04596082192318107
n:  438 -1.7586884812380519 0.04596082192318107
n:  439 -1.7563647628738508 0.04596082192318107
n:  440 -1.755274982853446 0.04596082192318107
n:  441 -1.753933865777745 0.04596082192318107
n:  442 -1.7501085786534318 0.04596082192318107
n:  443 -1.7490970444679945 0.04596082192318107
n:  444 -1.7483886332827012 0.04596082192318107
n:  445 -1.7440245853470338 0.04596082192318107
n:  446 -1.7418120713975929 0.04596082192318107
n:  447 -1.7416307469245766 0.04596082192318107
n:  448 -1.7382147121531113 0.04596082192318107
n:  449 -1.7356509187408025 0.04596082192318107
n:  450 -1.7336024088126565 0.04596082192318107
n:  451 -1.7329798090581874 0.04596082192318107
n:  452 -1.7308922685003696 0.04596082192318107
n:  453 -1.7297262923802292 0.04596082192318107
n:  454 -1.7272071048751594 0.04596082192318107
n:  455 -1.7256699462140461 0.04596082192318107
n:  456 -1.7247967208964987 0.04596082192318107
n:  457 -1.7214698456284918 0.04596082192318107
n:  458 -1.721137775357733 0.04596082192318107
n:  459 -1.7143674494311316 0.04596082192318107
n:  460 -1.7143674494311312 0.04596082192318107
n:  461 -1.7133679021313903 0.04596082192318107
n:  462 -1.7120408907518427 0.04596082192318107
n:  463 -1.7093288280890442 0.04596082192318107
n:  464 -1.7070798067703599 0.04596082192318107
n:  465 -1.7048345891166905 0.04596082192318107
n:  466 -1.7038422858421922 0.04596082192318107
n:  467 -1.7035737406203406 0.04596082192318107
n:  468 -1.701795613293937 0.04596082192318107
n:  469 -1.6996779726516877 0.04596082192318107
n:  470 -1.6967442215752258 0.04596082192318107
n:  471 -1.69532214804643 0.04596082192318107
n:  472 -1.693196081836678 0.04596082192318107
n:  473 -1.6879397021410847 0.04596082192318107
n:  474 -1.6863408548974976 0.04596082192318107
n:  475 -1.6853766454777308 0.04596082192318107
n:  476 -1.6837298022482705 0.04596082192318107
n:  477 -1.6825670363866285 0.04596082192318107
n:  478 -1.6813749597579466 0.04596082192318107
n:  479 -1.681298530968519 0.04596082192318107
n:  480 -1.680442452390225 0.04596082192318107
n:  481 -1.6804424523902244 0.04596082192318107
n:  482 -1.6792372387965875 0.04596082192318107
n:  483 -1.6784403524076839 0.04596082192318107
n:  484 -1.6741549845182928 0.04596082192318107
n:  485 -1.6738273741006195 0.04596082192318107
n:  486 -1.6728973677401533 0.04596082192318107
n:  487 -1.6685735759555964 0.04596082192318107
n:  488 -1.6680184794900046 0.04596082192318107
n:  489 -1.6655798130860757 0.04596082192318107
n:  490 -1.665579813086076 0.04596082192318107
n:  491 -1.6612318664811039 0.04596082192318107
n:  492 -1.660861516196508 0.04596082192318107
n:  493 -1.6601895508743256 0.04596082192318107
n:  494 -1.6569771209683646 0.04596082192318107
n:  495 -1.6569771209683646 0.04596082192318107
n:  496 -1.6569771209683646 0.04596082192318107
n:  497 -1.6550152194189505 0.04596082192318107
n:  498 -1.6533291438373652 0.04596082192318107
n:  499 -1.6519234994121206 0.04596082192318107
n:  500 -1.6499403788755196 0.04596082192318107
n:  501 -1.647284813642117 0.04596082192318107
n:  502 0.04596082192318107
Final Robustness:  -1.426361002597425
Final cost:  14.263610025974248
Solution
[[ 0.          1.00629531 -1.6117353  -3.87199282 -5.32249442 -2.83846221
   0.50702123  2.75256409  3.44869112  6.44102337]
 [ 0.          2.93701584  3.69485919  3.67770789  1.01630868 -0.79261815
  -0.05255717  2.05914492  4.81345462  5.40542203]
 [ 0.          3.10462434  2.72551111  2.26032259  3.03100654  3.07288664
   3.426361    3.08249062  2.84091795  3.0503242 ]]
Robustness of predicates 1 (obstacle), 2 (eventually), 3 (speed)
[1.0, -0.006295311129281167, 2.611735300039308, 4.871992817341242, 6.322494420799968, 3.8384622100130468, 1.0525571703989125, -0.24743591288550526, 1.813454621088784, 3.441023374709859]
[-0.5769230769230769, -0.32584937916298956, -0.2744215246301456, -0.31382325863003957, -0.7787017683941025, -1.2578922491612359, -1.375581175090662, -1.1590750233657794, -0.4943939078796733, -0.42469854985956473]
[2.0, -1.1046243369109225, -0.725511114475021, -0.26032259021818627, -1.0310065364401284, -1.0728866383866018, -1.426361002597425, -1.0824906206997271, -0.840917945012809, -1.0503242032446907]
Combined Robustness Vector
[-0.5769230769230769, -1.1046243369109225, -0.725511114475021, -0.31382325863003957, -1.0310065364401284, -1.2578922491612359, -1.426361002597425, -1.1590750233657794, -0.840917945012809, -1.0503242032446907]
