n:  0 -6.56389396724709 -1.709275221685679
n:  1 -6.177055054019733 -1.709275221685679
n:  2 -5.987553262532936 -1.709275221685679
n:  3 -5.793043902817368 -1.709275221685679
n:  4 -5.479176018136162 -1.709275221685679
n:  5 -5.356024616109747 -1.709275221685679
n:  6 -5.174780900533871 -1.5938017329020608
n:  7 -5.095677046280556 -1.5938017329020608
n:  8 -4.970084089305045 -1.5938017329020608
n:  9 -4.832551330840102 -1.5938017329020608
n:  10 -4.685397928925582 -1.5614332992349693
n:  11 -4.590469056013373 -1.5614332992349693
n:  12 -4.577065832216856 -1.5614332992349693
n:  13 -4.522741469795518 -1.5614332992349693
n:  14 -4.415757948172537 -1.5614332992349693
n:  15 -4.34701074343561 -1.5614332992349693
n:  16 -4.292765034238333 -1.5614332992349693
n:  17 -4.243847200286051 -1.5614332992349693
n:  18 -4.178593873541521 -1.5614332992349693
n:  19 -4.140300721821614 -1.5614332992349693
n:  20 -4.09573498851757 -1.5614332992349693
n:  21 -4.0761472995093575 -1.5614332992349693
n:  22 -4.039394350208641 -1.5614332992349693
n:  23 -4.020373173715578 -1.5614332992349693
n:  24 -3.9946179160021087 -1.5614332992349693
n:  25 -3.9620354319774305 -1.5614332992349693
n:  26 -3.944297307759985 -1.5614332992349693
n:  27 -3.920045690032909 -1.5614332992349693
n:  28 -3.8912078973929827 -1.5163287470926112
n:  29 -3.8525101633408245 -1.5163287470926112
n:  30 -3.8154469980362853 -1.004665636250801
n:  31 -3.794475032951341 -1.004665636250801
n:  32 -3.76831238706197 -1.004665636250801
n:  33 -3.7338989118690864 -1.004665636250801
n:  34 -3.7021779212790107 -1.004665636250801
n:  35 -3.670621807365527 -1.004665636250801
n:  36 -3.6463253286506556 -1.004665636250801
n:  37 -3.631806213473277 -1.004665636250801
n:  38 -3.614348266417665 -1.004665636250801
n:  39 -3.6119732451183397 -1.004665636250801
n:  40 -3.5772960250052823 -1.004665636250801
n:  41 -3.534988844607203 -1.004665636250801
n:  42 -3.519680327823039 -1.004665636250801
n:  43 -3.509442813857204 -1.004665636250801
n:  44 -3.507935955102562 -1.004665636250801
n:  45 -3.4792540273026464 -1.004665636250801
n:  46 -3.44810883828962 -1.004665636250801
n:  47 -3.4289910530521333 -1.004665636250801
n:  48 -3.402540741820582 -1.004665636250801
n:  49 -3.3691728841273285 -1.004665636250801
n:  50 -3.3505716549884363 -1.004665636250801
n:  51 -3.326642741480228 -1.004665636250801
n:  52 -3.302925644015292 -1.004665636250801
n:  53 -3.2879392978581556 -1.004665636250801
n:  54 -3.2685377217150267 -1.004665636250801
n:  55 -3.248856555555862 -1.004665636250801
n:  56 -3.2297276967187893 -1.004665636250801
n:  57 -3.1931252592344492 -1.004665636250801
n:  58 -3.189569513243923 -1.004665636250801
n:  59 -3.1728307823504363 -1.004665636250801
n:  60 -3.1491087747910758 -1.004665636250801
n:  61 -3.1405376999521133 -1.004665636250801
n:  62 -3.120154345829158 -1.004665636250801
n:  63 -3.1018383077162053 -1.004665636250801
n:  64 -3.094040631242561 -1.004665636250801
n:  65 -3.0672340376779914 -1.004665636250801
n:  66 -3.052620728367755 -1.004665636250801
n:  67 -3.0359289884416545 -1.004665636250801
n:  68 -3.029298232835919 -1.004665636250801
n:  69 -3.010318628254723 -1.004665636250801
n:  70 -2.990933539781386 -1.004665636250801
n:  71 -2.9824589392477754 -1.004665636250801
n:  72 -2.9742297107162865 -1.004665636250801
n:  73 -2.9663428925897946 -1.004665636250801
n:  74 -2.951672627246686 -1.004665636250801
n:  75 -2.9299625081898757 -1.004665636250801
n:  76 -2.9266203484140045 -1.004665636250801
n:  77 -2.9230192363525207 -1.004665636250801
n:  78 -2.9044991279947747 -1.004665636250801
n:  79 -2.8842219543845182 -1.004665636250801
n:  80 -2.8645947694963296 -1.004665636250801
n:  81 -2.8550481264191463 -1.004665636250801
n:  82 -2.842561078601763 -1.004665636250801
n:  83 -2.828532972893171 -1.004665636250801
n:  84 -2.815326384653863 -1.004665636250801
n:  85 -2.8131908362657585 -1.004665636250801
n:  86 -2.812098240426073 -1.004665636250801
n:  87 -2.811069641286676 -1.004665636250801
n:  88 -2.8055012598242475 -1.004665636250801
n:  89 -2.796976124950057 -1.004665636250801
n:  90 -2.7902252865353967 -1.004665636250801
n:  91 -2.788066265952523 -1.004665636250801
n:  92 -2.7876288278007038 -1.004665636250801
n:  93 -2.7812712936811312 -1.004665636250801
n:  94 -2.772897559913828 -1.004665636250801
n:  95 -2.769689704602598 -1.004665636250801
n:  96 -2.7631353242224885 -1.004665636250801
n:  97 -2.7565360081809196 -1.004665636250801
n:  98 -2.744026808838772 -1.004665636250801
n:  99 -2.7440268088387723 -1.004665636250801
n:  100 -2.736275603807667 -1.004665636250801
n:  101 -2.728287928152952 -1.004665636250801
n:  102 -2.7224488247007463 -1.004665636250801
n:  103 -2.7087310865245326 -0.8515679482559584
n:  104 -2.6987715864415436 -0.8515679482559584
n:  105 -2.691963663744724 -0.8515679482559584
n:  106 -2.6843932055257973 -0.8515679482559584
n:  107 -2.6827433700162526 -0.8515679482559584
n:  108 -2.6824241003912688 -0.8515679482559584
n:  109 -2.6768651548717224 -0.8515679482559584
n:  110 -2.6749368152778534 -0.8515679482559584
n:  111 -2.6623149041284817 -0.8515679482559584
n:  112 -2.655895427753444 -0.8515679482559584
n:  113 -2.65320233336029 -0.8515679482559584
n:  114 -2.649861919756652 -0.8515679482559584
n:  115 -2.6432967107860526 -0.8515679482559584
n:  116 -2.6372478073860988 -0.8515679482559584
n:  117 -2.631914662533143 -0.8515679482559584
n:  118 -2.628438926424198 -0.8515679482559584
n:  119 -2.6263989054243364 -0.8515679482559584
n:  120 -2.622508708037348 -0.8515679482559584
n:  121 -2.6225087080373486 -0.8515679482559584
n:  122 -2.6130880807454746 -0.8515679482559584
n:  123 -2.607307983668186 -0.8515679482559584
n:  124 -2.6047954317674815 -0.8515679482559584
n:  125 -2.5949116692138263 -0.8515679482559584
n:  126 -2.5923984029084166 -0.8515679482559584
n:  127 -2.587789897558589 -0.8515679482559584
n:  128 -2.5741774606571988 -0.6347222514416404
n:  129 -2.569213844916751 -0.6347222514416404
n:  130 -2.5675672636055578 -0.6347222514416404
n:  131 -2.56033098620632 -0.6347222514416404
n:  132 -2.5599277985647704 -0.6347222514416404
n:  133 -2.5555211945190806 -0.6347222514416404
n:  134 -2.547313461138941 -0.6347222514416404
n:  135 -2.5392995785308123 -0.5769230769230769
n:  136 -2.5373246497010298 -0.5769230769230769
n:  137 -2.5331216031380572 -0.5769230769230769
n:  138 -2.5292868922104588 -0.5769230769230769
n:  139 -2.52503827580071 -0.5769230769230769
n:  140 -2.509419966650304 -0.5769230769230769
n:  141 -2.506170322152281 -0.5769230769230769
n:  142 -2.5007365232602523 -0.4836557264014716
n:  143 -2.4996136967776748 -0.4836557264014716
n:  144 -2.49099344500689 -0.4836557264014716
n:  145 -2.4894885831424864 -0.4836557264014716
n:  146 -2.486391004485289 -0.4836557264014716
n:  147 -2.482088572196391 -0.4836557264014716
n:  148 -2.477365483632743 -0.4836557264014716
n:  149 -2.4773654836327434 -0.4836557264014716
n:  150 -2.476308679945446 -0.4836557264014716
n:  151 -2.4651905644443346 -0.4836557264014716
n:  152 -2.463941597763137 -0.4836557264014716
n:  153 -2.456042180586685 -0.4836557264014716
n:  154 -2.4439759135579138 -0.4836557264014716
n:  155 -2.440770651012408 -0.4836557264014716
n:  156 -2.437775164798138 -0.4836557264014716
n:  157 -2.436909452106135 -0.4836557264014716
n:  158 -2.417856227273391 -0.4836557264014716
n:  159 -2.409270135600741 -0.4836557264014716
n:  160 -2.3991098157349158 -0.4836557264014716
n:  161 -2.393947142324342 -0.4836557264014716
n:  162 -2.380179643421701 -0.4836557264014716
n:  163 -2.374513331513618 -0.4836557264014716
n:  164 -2.371913264137776 -0.4836557264014716
n:  165 -2.366946495655154 -0.4836557264014716
n:  166 -2.3667845936545677 -0.46746552634286376
n:  167 -2.365373624373922 -0.41870056531183275
n:  168 -2.3606942707013685 -0.41870056531183275
n:  169 -2.36043150235769 -0.41870056531183275
n:  170 -2.3563654035067074 -0.23307121862604774
n:  171 -2.3554531792447095 -0.23307121862604774
n:  172 -2.3512807859645037 -0.23307121862604774
n:  173 -2.337683464579767 -0.23307121862604774
n:  174 -2.3362469603552243 -0.23307121862604774
n:  175 -2.329342984023464 -0.1965462371099731
n:  176 -2.3242531004399636 -0.1965462371099731
n:  177 -2.316454477314903 -0.1965462371099731
n:  178 -2.3134672759613353 -0.1965462371099731
n:  179 -2.308653553363765 -0.1965462371099731
n:  180 -2.3082629328912008 -0.1965462371099731
n:  181 -2.3063926354411155 -0.1965462371099731
n:  182 -2.30325234161122 -0.1965462371099731
n:  183 -2.299134383700187 -0.1965462371099731
n:  184 -2.296023966956457 -0.1965462371099731
n:  185 -2.285099939502866 -0.1965462371099731
n:  186 -2.281610872443861 -0.1965462371099731
n:  187 -2.278144122041438 -0.1965462371099731
n:  188 -2.266486535091461 -0.1965462371099731
n:  189 -2.264870330309519 -0.1965462371099731
n:  190 -2.2593529647417814 -0.1965462371099731
n:  191 -2.252731077102361 -0.1965462371099731
n:  192 -2.2478599013889426 -0.1965462371099731
n:  193 -2.2452758263476102 -0.1965462371099731
n:  194 -2.2413645904105834 -0.1965462371099731
n:  195 -2.2324451493877144 -0.1965462371099731
n:  196 -2.2305225612734163 -0.1965462371099731
n:  197 -2.227449950475544 -0.1965462371099731
n:  198 -2.2243828423940544 -0.1965462371099731
n:  199 -2.2225691481649212 -0.1965462371099731
n:  200 -2.221665295091951 -0.1965462371099731
n:  201 -2.2154826297374295 -0.1965462371099731
n:  202 -2.2128761037394757 -0.1965462371099731
n:  203 -2.2077277396954456 -0.1965462371099731
n:  204 -2.2021938816986153 -0.1965462371099731
n:  205 -2.1942984784242796 -0.1965462371099731
n:  206 -2.189731990974171 -0.1965462371099731
n:  207 -2.1840814591818427 -0.1965462371099731
n:  208 -2.179952659358926 -0.1965462371099731
n:  209 -2.178698655355813 -0.1965462371099731
n:  210 -2.1729040450263675 -0.1965462371099731
n:  211 -2.16737098316891 -0.1965462371099731
n:  212 -2.164388536019757 -0.1965462371099731
n:  213 -2.162765783492681 -0.1965462371099731
n:  214 -2.160770367139911 -0.1965462371099731
n:  215 -2.1557266443502416 -0.1965462371099731
n:  216 -2.1533040615848122 -0.1965462371099731
n:  217 -2.139314196242584 -0.1965462371099731
n:  218 -2.1361226264178375 -0.1965462371099731
n:  219 -2.1350411889658223 -0.1965462371099731
n:  220 -2.1302054974489466 -0.1965462371099731
n:  221 -2.124806396266466 -0.1965462371099731
n:  222 -2.1208143131705075 -0.1965462371099731
n:  223 -2.117575382430392 -0.1965462371099731
n:  224 -2.114703232099508 -0.1965462371099731
n:  225 -2.113644402701644 -0.1965462371099731
n:  226 -2.108527044169686 -0.1965462371099731
n:  227 -2.1084444030291687 -0.1965462371099731
n:  228 -2.1059776648789206 -0.1965462371099731
n:  229 -2.1023950227603616 -0.1965462371099731
n:  230 -2.0968726143229297 -0.1965462371099731
n:  231 -2.088996302450299 -0.1965462371099731
n:  232 -2.086622944377354 -0.1965462371099731
n:  233 -2.084447523414992 -0.1965462371099731
n:  234 -2.0797084605236207 -0.1965462371099731
n:  235 -2.071629886935065 -0.1965462371099731
n:  236 -2.067242163390589 -0.1965462371099731
n:  237 -2.0630247426345565 -0.1965462371099731
n:  238 -2.057646970632353 -0.1965462371099731
n:  239 -2.0567484212564975 -0.1965462371099731
n:  240 -2.0462953712085348 -0.1965462371099731
n:  241 -2.04568267842896 -0.1965462371099731
n:  242 -2.0378948279474365 -0.1965462371099731
n:  243 -2.033691206521397 -0.1965462371099731
n:  244 -2.0329123565010025 -0.1965462371099731
n:  245 -2.026378956604992 -0.1965462371099731
n:  246 -2.0240315534437423 -0.1965462371099731
n:  247 -2.0197205799213154 -0.1965462371099731
n:  248 -2.019630547005839 -0.1965462371099731
n:  249 -2.019022162593263 -0.1965462371099731
n:  250 -2.019022162593263 -0.1965462371099731
n:  251 -2.019022162593263 -0.1965462371099731
n:  252 -2.0175520856925235 -0.1965462371099731
n:  253 -2.016183087215723 -0.1965462371099731
n:  254 -2.0157351787321143 -0.1965462371099731
n:  255 -2.0098952821141682 -0.1965462371099731
n:  256 -2.008596865295927 -0.1965462371099731
n:  257 -2.00767634850572 -0.1965462371099731
n:  258 -2.0061574745690196 -0.1965462371099731
n:  259 -2.0055242959635424 -0.1965462371099731
n:  260 -1.99427347864024 -0.1965462371099731
n:  261 -1.9867574005532211 -0.1965462371099731
n:  262 -1.982920415057752 -0.1965462371099731
n:  263 -1.9810541324322208 -0.1965462371099731
n:  264 -1.9791318373909832 -0.1965462371099731
n:  265 -1.9766943421548147 -0.1965462371099731
n:  266 -1.97488849000662 -0.1965462371099731
n:  267 -1.9727959820339487 -0.1965462371099731
n:  268 -1.9717365691907462 -0.1965462371099731
n:  269 -1.96957029685729 -0.1965462371099731
n:  270 -1.9672655108462198 -0.1965462371099731
n:  271 -1.9655888983703622 -0.1965462371099731
n:  272 -1.9655888983703622 -0.1965462371099731
n:  273 -1.964060552202154 -0.1965462371099731
n:  274 -1.9622328909422606 -0.1965462371099731
n:  275 -1.9582540329293046 -0.1965462371099731
n:  276 -1.9568309317519301 -0.1965462371099731
n:  277 -1.9466658765742786 -0.1965462371099731
n:  278 -1.9438002406763206 -0.1965462371099731
n:  279 -1.9357935232960408 -0.1965462371099731
n:  280 -1.9343652323953053 -0.1965462371099731
n:  281 -1.9338859633316163 -0.1965462371099731
n:  282 -1.9327774974636407 -0.1965462371099731
n:  283 -1.9259346907064119 -0.1965462371099731
n:  284 -1.9241313491194278 -0.1965462371099731
n:  285 -1.9204638280004445 -0.1965462371099731
n:  286 -1.9163957421348334 -0.1965462371099731
n:  287 -1.914167380247402 -0.1965462371099731
n:  288 -1.9131769971836212 -0.1965462371099731
n:  289 -1.9067939163049992 -0.1965462371099731
n:  290 -1.903059707421425 -0.1965462371099731
n:  291 -1.9030597074214253 -0.1965462371099731
n:  292 -1.9025843745544382 -0.1965462371099731
n:  293 -1.9012556482904683 -0.1965462371099731
n:  294 -1.9012509274447342 -0.1965462371099731
n:  295 -1.8952721355976963 -0.1965462371099731
n:  296 -1.8931884541639368 -0.1965462371099731
n:  297 -1.8910207349179289 -0.1965462371099731
n:  298 -1.8880626730144934 -0.1965462371099731
n:  299 -1.885732589792673 -0.1965462371099731
n:  300 -1.8857325897926729 -0.1965462371099731
n:  301 -1.885732589792673 -0.1965462371099731
n:  302 -1.8832854441839402 -0.1965462371099731
n:  303 -1.8792291891526924 -0.1965462371099731
n:  304 -1.8765833358646424 -0.1965462371099731
n:  305 -1.874833636744455 -0.1965462371099731
n:  306 -1.8673014539123016 -0.1965462371099731
n:  307 -1.8668780705114616 -0.1965462371099731
n:  308 -1.8644393014288512 -0.1965462371099731
n:  309 -1.8589132020824577 -0.1965462371099731
n:  310 -1.8579312898358469 -0.1965462371099731
n:  311 -1.8533638808713622 -0.1965462371099731
n:  312 -1.8530942767963023 -0.1965462371099731
n:  313 -1.8511338844955267 -0.1965462371099731
n:  314 -1.8477795276442228 -0.1965462371099731
n:  315 -1.847779527644223 -0.1965462371099731
n:  316 -1.847699372420421 -0.1965462371099731
n:  317 -1.8466268338370808 -0.1965462371099731
n:  318 -1.8454532777166641 -0.1965462371099731
n:  319 -1.8428749510462956 -0.1965462371099731
n:  320 -1.8421188046679873 -0.1965462371099731
n:  321 -1.841800863532981 -0.1965462371099731
n:  322 -1.839651174108874 -0.1965462371099731
n:  323 -1.8363719813200432 -0.1965462371099731
n:  324 -1.8362711932025022 -0.1965462371099731
n:  325 -1.8346072625044545 -0.1965462371099731
n:  326 -1.8335682421859028 -0.1965462371099731
n:  327 -1.832100642250631 -0.1965462371099731
n:  328 -1.831470969724404 -0.1965462371099731
n:  329 -1.8310560579203667 -0.1965462371099731
n:  330 -1.8302739470371139 -0.1965462371099731
n:  331 -1.8293276961171523 -0.1965462371099731
n:  332 -1.8243138082532966 -0.15793663119241153
n:  333 -1.8193918734797372 -0.15793663119241153
n:  334 -1.8186531863357822 -0.15793663119241153
n:  335 -1.8157522094900242 -0.15793663119241153
n:  336 -1.8139773460568378 -0.15793663119241153
n:  337 -1.8106617349549754 -0.15793663119241153
n:  338 -1.806236890723962 -0.13005210216467367
n:  339 -1.8005487957803858 -0.13005210216467367
n:  340 -1.7989340347359961 -0.13005210216467367
n:  341 -1.7965207254496867 -0.13005210216467367
n:  342 -1.7839074371688262 -0.13005210216467367
n:  343 -1.7836475792819524 -0.13005210216467367
n:  344 -1.7787304637107386 -0.13005210216467367
n:  345 -1.7762359322459897 -0.016253260894916632
n:  346 -1.772803038394778 -0.016253260894916632
n:  347 -1.77058457478965 -0.016253260894916632
n:  348 -1.76582022497394 -0.016253260894916632
n:  349 -1.765411600180271 -0.016253260894916632
n:  350 -1.7637871257466806 -0.016253260894916632
n:  351 -1.7615213317384357 -0.016253260894916632
n:  352 -1.7536107516870343 -0.016253260894916632
n:  353 -1.7521052700681605 -0.016253260894916632
n:  354 -1.7509826468942236 -0.016253260894916632
n:  355 -1.7472964254446781 -0.016253260894916632
n:  356 -1.7468767740549582 -0.016253260894916632
n:  357 -1.7434702676720664 -0.016253260894916632
n:  358 -1.7432996909268796 -0.016253260894916632
n:  359 -1.741882875512969 -0.016253260894916632
n:  360 -1.7334600120644987 -0.016253260894916632
n:  361 -1.7326367173898691 -0.016253260894916632
n:  362 -1.7293588772366635 -0.016253260894916632
n:  363 -1.7256621402204295 -0.016253260894916632
n:  364 -1.7233197832338354 -0.016253260894916632
n:  365 -1.7203221306270513 -0.016253260894916632
n:  366 -1.7165641509602116 -0.016253260894916632
n:  367 -1.7147461537295137 -0.016253260894916632
n:  368 -1.7112360075000785 -0.016253260894916632
n:  369 -1.707789081809409 -0.016253260894916632
n:  370 -1.7061684752936839 -0.016253260894916632
n:  371 -1.7027118112795288 -0.016253260894916632
n:  372 -1.7019569454803636 -0.016253260894916632
n:  373 -1.699821421288259 -0.016253260894916632
n:  374 -1.6983800071792752 -0.016253260894916632
n:  375 -1.6945293327553403 -0.016253260894916632
n:  376 -1.6919603456188892 -0.016253260894916632
n:  377 -1.6915215026917751 -0.016253260894916632
n:  378 -1.6912044111052418 -0.016253260894916632
n:  379 -1.6869523519875655 -0.016253260894916632
n:  380 -1.6831397764333895 -0.016253260894916632
n:  381 -1.6829877073921886 -0.016253260894916632
n:  382 -1.6829877073921884 -0.016253260894916632
n:  383 -1.6812713287601264 -0.016253260894916632
n:  384 -1.6812713287601255 -0.016253260894916632
n:  385 -1.6790057546495627 -0.016253260894916632
n:  386 -1.676564308521884 -0.016253260894916632
n:  387 -1.6757694562031942 -0.016253260894916632
n:  388 -1.6757694562031937 -0.016253260894916632
n:  389 -1.6755611979075002 -0.016253260894916632
n:  390 -1.6731824502724415 -0.016253260894916632
n:  391 -1.671228829489752 -0.016253260894916632
n:  392 -1.6690174535491584 -0.016253260894916632
n:  393 -1.6679659695087121 -0.016253260894916632
n:  394 -1.6663287858475704 -0.016253260894916632
n:  395 -1.6636045576108458 -0.016253260894916632
n:  396 -1.663587394690199 -0.016253260894916632
n:  397 -1.6609399697108276 -0.016253260894916632
n:  398 -1.6609399697108276 -0.016253260894916632
n:  399 -1.658307254151278 -0.016253260894916632
n:  400 -1.6555637358037092 -0.016253260894916632
n:  401 -1.6537270053482902 -0.016253260894916632
n:  402 -1.652820247242384 -0.016253260894916632
n:  403 -1.6514279720446723 -0.016253260894916632
n:  404 -1.650621966633328 -0.016253260894916632
n:  405 -1.648208877316688 -0.016253260894916632
n:  406 -1.647462424714894 -0.016253260894916632
n:  407 -1.646959338800611 -0.016253260894916632
n:  408 -1.6469593388006114 -0.016253260894916632
n:  409 -1.6469593388006112 -0.016253260894916632
n:  410 -1.6412662912311262 -0.016253260894916632
n:  411 -1.6394381173598054 -0.016253260894916632
n:  412 -1.638608281549515 -0.016253260894916632
n:  413 -1.6358203702018814 -0.016253260894916632
n:  414 -1.634846226768846 -0.016253260894916632
n:  415 -1.6344950163750736 -0.016253260894916632
n:  416 -1.6337142415410368 -0.016253260894916632
n:  417 -1.62919992498814 -0.016253260894916632
n:  418 -1.6266922750160857 -0.016253260894916632
n:  419 -1.6265997795299774 -0.016253260894916632
n:  420 -1.6259454257978143 -0.016253260894916632
n:  421 -1.6245368297483065 -0.016253260894916632
n:  422 -1.6223404042255243 -0.016253260894916632
n:  423 -1.6223404042255245 -0.016253260894916632
n:  424 -1.6223404042255245 -0.016253260894916632
n:  425 -1.621211939541892 -0.016253260894916632
n:  426 -1.6212119395418927 -0.016253260894916632
n:  427 -1.6212119395418925 -0.016253260894916632
n:  428 -1.61851451485417 -0.016253260894916632
n:  429 -1.6175995509687668 -0.016253260894916632
n:  430 -1.615073333034626 -0.016253260894916632
n:  431 -1.614530882077791 -0.016253260894916632
n:  432 -1.6145308820777908 -0.016253260894916632
n:  433 -1.6129686398431131 -0.016253260894916632
n:  434 -1.6125560198154298 -0.016253260894916632
n:  435 -1.6122335124677836 -0.016253260894916632
n:  436 -1.6118494733518467 -0.016253260894916632
n:  437 -1.611849473351846 -0.016253260894916632
n:  438 -1.6108507744687333 -0.016253260894916632
n:  439 -1.6108507744687333 -0.016253260894916632
n:  440 -1.601325572524464 -0.016253260894916632
n:  441 -1.601325572524464 -0.016253260894916632
n:  442 -1.5949305146103838 -0.016253260894916632
n:  443 -1.5945325605354237 -0.016253260894916632
n:  444 -1.5925106382928755 -0.016253260894916632
n:  445 -1.59103475429751 -0.016253260894916632
n:  446 -1.590105693821292 -0.016253260894916632
n:  447 -1.5901026273150058 -0.016253260894916632
n:  448 -1.5833800073435027 -0.016253260894916632
n:  449 -1.5807642683909335 -0.016253260894916632
n:  450 -1.5804474952038483 -0.016253260894916632
n:  451 -1.576041376977042 -0.016253260894916632
n:  452 -1.5715778819199167 -0.016253260894916632
n:  453 -1.571352094066217 -0.016253260894916632
n:  454 -1.565656089630882 -0.016253260894916632
n:  455 -1.5633923242437284 -0.016253260894916632
n:  456 -1.5605955126384057 -0.016253260894916632
n:  457 -1.5562648440634965 -0.016253260894916632
n:  458 -1.555744600629977 -0.016253260894916632
n:  459 -1.5501595339981267 -0.016253260894916632
n:  460 -1.548225150098423 -0.016253260894916632
n:  461 -1.5472472441653737 -0.016253260894916632
n:  462 -1.5462443925483935 -0.016253260894916632
n:  463 -1.5452188354672074 -0.016253260894916632
n:  464 -1.5447858084441932 -0.016253260894916632
n:  465 -1.5432879220745142 -0.016253260894916632
n:  466 -1.5391444861488586 -0.016253260894916632
n:  467 -1.5391444861488588 -0.016253260894916632
n:  468 -1.5384118135857616 -0.016253260894916632
n:  469 -1.5364160936449411 0.01204389641963588
n:  470 -1.5363651725031489 0.01204389641963588
n:  471 -1.536365172503149 0.01204389641963588
n:  472 -1.5362777173001654 0.01204389641963588
n:  473 -1.5308840663898053 0.06473538268414014
n:  474 -1.5299117633682393 0.06473538268414014
n:  475 -1.5293956665448183 0.06473538268414014
n:  476 -1.5293956665448178 0.06473538268414014
n:  477 -1.5257434977573834 0.06473538268414014
n:  478 -1.5257434977573836 0.06473538268414014
n:  479 -1.5238738218843162 0.06473538268414014
n:  480 -1.5224328292910576 0.06473538268414014
n:  481 -1.520527044522189 0.06473538268414014
n:  482 -1.5202994020186005 0.06473538268414014
n:  483 -1.516817437270828 0.06473538268414014
n:  484 -1.5162635046555266 0.06473538268414014
n:  485 -1.5161327097754203 0.06473538268414014
n:  486 -1.5130849355169322 0.06473538268414014
n:  487 -1.513047354221188 0.06473538268414014
n:  488 -1.512798844996565 0.06473538268414014
n:  489 -1.512798844996565 0.06473538268414014
n:  490 -1.512179196593151 0.06473538268414014
n:  491 -1.5119221093641062 0.06473538268414014
n:  492 -1.5117084808577688 0.06473538268414014
n:  493 -1.5108232858403132 0.06473538268414014
n:  494 -1.5108232858403132 0.06473538268414014
n:  495 -1.5096285211739164 0.06473538268414014
n:  496 -1.5067438588177269 0.06473538268414014
n:  497 -1.5043734273933227 0.06473538268414014
n:  498 -1.5043345012329692 0.06473538268414014
n:  499 -1.5043345012329687 0.06473538268414014
n:  500 -1.503538672643518 0.06473538268414014
n:  501 -1.503088436860165 0.06473538268414014
n:  502 -1.5013944081714548 0.06473538268414014
n:  503 -1.501394408171455 0.06473538268414014
n:  504 -1.5013944081714552 0.06473538268414014
n:  505 -1.4996913843618336 0.06473538268414014
n:  506 -1.4984184165007972 0.06473538268414014
n:  507 -1.498392728995846 0.06473538268414014
n:  508 -1.4941875337292176 0.06473538268414014
n:  509 -1.4940390798051713 0.06473538268414014
n:  510 -1.4936026233794755 0.06473538268414014
n:  511 -1.4894698821521475 0.06473538268414014
n:  512 -1.4884095902264838 0.06473538268414014
n:  513 -1.4884095902264838 0.06473538268414014
n:  514 -1.4881185915352892 0.06473538268414014
n:  515 -1.4875901285135793 0.06473538268414014
n:  516 -1.4864716051812312 0.06473538268414014
n:  517 -1.4853009859728166 0.06473538268414014
n:  518 -1.4840353546105118 0.06473538268414014
n:  519 -1.483961045136064 0.06473538268414014
n:  520 -1.4831688563775003 0.06473538268414014
n:  521 -1.4815379786172793 0.06473538268414014
n:  522 -1.4813737094874484 0.06473538268414014
n:  523 -1.480970775453067 0.06473538268414014
n:  524 -1.4800435273410826 0.11389950465624121
n:  525 -1.4795496001501556 0.11389950465624121
n:  526 -1.4759701232589288 0.11389950465624121
n:  527 -1.4759701232589284 0.11389950465624121
n:  528 -1.4750545121200256 0.11389950465624121
n:  529 -1.4750453355527853 0.11389950465624121
n:  530 -1.4728376604744522 0.11389950465624121
n:  531 -1.4720972000432107 0.11389950465624121
n:  532 -1.4711814253308189 0.11389950465624121
n:  533 -1.4671103907187502 0.11389950465624121
n:  534 -1.465363052335576 0.11389950465624121
n:  535 -1.4618773432738816 0.11389950465624121
n:  536 -1.459090667558434 0.11389950465624121
n:  537 -1.458610869873157 0.11389950465624121
n:  538 -1.458610869873157 0.11389950465624121
n:  539 -1.4583377160161348 0.11389950465624121
n:  540 -1.4572486006992054 0.11389950465624121
n:  541 -1.4563470908395886 0.11389950465624121
n:  542 -1.4558411956753665 0.11389950465624121
n:  543 -1.454413762316404 0.11389950465624121
n:  544 -1.4540512624712847 0.11389950465624121
n:  545 -1.4496904899921395 0.11389950465624121
n:  546 -1.448385963833552 0.11389950465624121
n:  547 -1.4457817640829265 0.11389950465624121
n:  548 -1.4453749602799835 0.11389950465624121
n:  549 -1.443017988745215 0.11389950465624121
n:  550 -1.4407408566300908 0.11389950465624121
n:  551 -1.437133678494085 0.11389950465624121
n:  552 -1.4343014833739185 0.11389950465624121
n:  553 -1.431407923373878 0.11389950465624121
n:  554 -1.4304144936105367 0.11389950465624121
n:  555 -1.4292909995780756 0.11389950465624121
n:  556 -1.4285214466585772 0.11389950465624121
n:  557 -1.4266024325206452 0.11389950465624121
n:  558 -1.4259447351976666 0.11389950465624121
n:  559 -1.4250613659511293 0.11389950465624121
n:  560 -1.424789163435714 0.11389950465624121
n:  561 -1.424789163435714 0.11389950465624121
n:  562 -1.4245977361941522 0.11389950465624121
n:  563 -1.4225198099939584 0.11389950465624121
n:  564 -1.4220280080063006 0.11389950465624121
n:  565 -1.4220280080063004 0.11389950465624121
n:  566 -1.418641254689954 0.11389950465624121
n:  567 -1.4174633806666899 0.11389950465624121
n:  568 -1.4171959992251015 0.11389950465624121
n:  569 -1.4162726637010774 0.11389950465624121
n:  570 -1.4152924206664577 0.11389950465624121
n:  571 -1.4151321239206174 0.11389950465624121
n:  572 -1.4121665709762254 0.11389950465624121
n:  573 -1.4088906267931753 0.11389950465624121
n:  574 -1.4082715713535268 0.11389950465624121
n:  575 -1.4081714695113061 0.11389950465624121
n:  576 -1.405391309592409 0.11389950465624121
n:  577 -1.4053855122462098 0.11389950465624121
n:  578 -1.4045694182980761 0.11389950465624121
n:  579 -1.4045056511925318 0.11389950465624121
n:  580 -1.4029314725551187 0.11389950465624121
n:  581 -1.402770386079333 0.11389950465624121
n:  582 -1.4016454636631384 0.11389950465624121
n:  583 -1.4009926512544602 0.11389950465624121
n:  584 -1.397856300790246 0.11389950465624121
n:  585 -1.3965984036852945 0.11389950465624121
n:  586 -1.396033894376574 0.11389950465624121
n:  587 -1.3935017066188131 0.11389950465624121
n:  588 -1.3935017066188136 0.11389950465624121
n:  589 -1.390952739559825 0.11389950465624121
n:  590 -1.3903958722737955 0.11389950465624121
n:  591 -1.3890428758726878 0.11389950465624121
n:  592 -1.388744100263061 0.11389950465624121
n:  593 -1.3875028535174851 0.11389950465624121
n:  594 -1.385355834822383 0.11389950465624121
n:  595 -1.3853558348223824 0.11389950465624121
n:  596 -1.3846129834370204 0.11389950465624121
n:  597 -1.3807329475777712 0.11389950465624121
n:  598 -1.3753789226078101 0.11389950465624121
n:  599 -1.3753789226078097 0.11389950465624121
n:  600 -1.3753789226078097 0.11389950465624121
n:  601 -1.3747558181732242 0.11389950465624121
n:  602 -1.3724893354226586 0.11389950465624121
n:  603 -1.3688965073918615 0.11389950465624121
n:  604 -1.3682830927391714 0.11389950465624121
n:  605 -1.3624249120463892 0.11389950465624121
n:  606 -1.361622087021303 0.11389950465624121
n:  607 -1.3593369731797864 0.11389950465624121
n:  608 -1.3586302185461565 0.11389950465624121
n:  609 -1.357106902881945 0.11389950465624121
n:  610 -1.3519992598044692 0.11389950465624121
n:  611 -1.3486821534303841 0.11389950465624121
n:  612 -1.3486663809752821 0.11389950465624121
n:  613 -1.3486663809752821 0.11389950465624121
n:  614 -1.348666380975282 0.11389950465624121
n:  615 -1.3484405914088111 0.11389950465624121
n:  616 -1.3471824555795724 0.11389950465624121
n:  617 -1.3433135614543312 0.11389950465624121
n:  618 -1.3402845484526194 0.11389950465624121
n:  619 -1.3377583272997615 0.11389950465624121
n:  620 -1.3370143435421267 0.11389950465624121
n:  621 -1.3370143435421264 0.11389950465624121
n:  622 -1.3347412430624415 0.11389950465624121
n:  623 -1.3344272638160215 0.11389950465624121
n:  624 -1.333964928730067 0.11389950465624121
n:  625 -1.33102374062104 0.11389950465624121
n:  626 -1.32979153452645 0.11389950465624121
n:  627 -1.3291904294423165 0.11389950465624121
n:  628 -1.3290469789241308 0.11389950465624121
n:  629 -1.3279326485395417 0.11389950465624121
n:  630 -1.3279326485395417 0.11389950465624121
n:  631 -1.3263714225974068 0.11389950465624121
n:  632 -1.326371422597407 0.11389950465624121
n:  633 -1.323625353263324 0.11389950465624121
n:  634 -1.3233026405507942 0.11389950465624121
n:  635 -1.3230210421220678 0.11389950465624121
n:  636 -1.3215282411345384 0.11389950465624121
n:  637 -1.3209687202387976 0.11389950465624121
n:  638 -1.3209687202387976 0.11389950465624121
n:  639 -1.3174825513396988 0.11389950465624121
n:  640 -1.3156756169437032 0.11389950465624121
n:  641 -1.315675616943703 0.11389950465624121
n:  642 -1.3156684605471145 0.11389950465624121
n:  643 -1.314611732519372 0.11389950465624121
n:  644 -1.3113836181488736 0.11389950465624121
n:  645 -1.3106200534321268 0.11389950465624121
n:  646 -1.3104703811507092 0.11389950465624121
n:  647 -1.3079799038311362 0.11389950465624121
n:  648 -1.307979903831136 0.11389950465624121
n:  649 -1.3047207266931087 0.11389950465624121
n:  650 -1.3027057786478762 0.11389950465624121
n:  651 -1.3024821419933323 0.11389950465624121
n:  652 -1.299357053124277 0.11389950465624121
n:  653 -1.2993570531242773 0.11389950465624121
n:  654 -1.297762090613097 0.16748533922687137
n:  655 -1.2971188534958231 0.16748533922687137
n:  656 -1.2950758772964681 0.16748533922687137
n:  657 -1.2946533610775632 0.16748533922687137
n:  658 -1.29118895560093 0.16748533922687137
n:  659 -1.2899783160323284 0.16748533922687137
n:  660 -1.288488270297971 0.16748533922687137
n:  661 -1.2884882702979712 0.16748533922687137
n:  662 -1.2868337321010934 0.16748533922687137
n:  663 -1.2848701607501538 0.16748533922687137
n:  664 -1.2826695904872074 0.16748533922687137
n:  665 -1.2825099744881299 0.16748533922687137
n:  666 -1.2825099744881299 0.16748533922687137
n:  667 -1.2822215849476288 0.16748533922687137
n:  668 -1.279474899901394 0.16748533922687137
n:  669 -1.279375458828025 0.16748533922687137
n:  670 -1.2780076428049958 0.16748533922687137
n:  671 -1.2776696461349182 0.16748533922687137
n:  672 -1.275992820955833 0.16748533922687137
n:  673 -1.2759928209558329 0.16748533922687137
n:  674 -1.27515654716045 0.16748533922687137
n:  675 -1.2744121323656608 0.16748533922687137
n:  676 -1.2743596054961486 0.16748533922687137
n:  677 -1.2734358654657874 0.16748533922687137
n:  678 -1.2715569369390627 0.16748533922687137
n:  679 -1.2710283686831343 0.16748533922687137
n:  680 -1.2694776085262716 0.16748533922687137
n:  681 -1.2694776085262713 0.16748533922687137
n:  682 -1.2692084890792814 0.16748533922687137
n:  683 -1.2664905151701493 0.16748533922687137
n:  684 -1.2661281148518553 0.16748533922687137
n:  685 -1.2652402690313773 0.16748533922687137
n:  686 -1.2652402690313775 0.16748533922687137
n:  687 -1.2636195582137635 0.16748533922687137
n:  688 -1.2631382161205973 0.16748533922687137
n:  689 -1.2627837722460853 0.16748533922687137
n:  690 -1.2615212458205025 0.16748533922687137
n:  691 -1.260438094641397 0.16748533922687137
n:  692 -1.2601754325408263 0.16748533922687137
n:  693 -1.2597480305553332 0.16748533922687137
n:  694 -1.259144300774121 0.16748533922687137
n:  695 -1.258881514565292 0.16748533922687137
n:  696 -1.2563250945629945 0.16748533922687137
n:  697 -1.2563250945629945 0.16748533922687137
n:  698 -1.2558818463783312 0.16748533922687137
n:  699 -1.2556873060142297 0.16748533922687137
n:  700 -1.25568730601423 0.16748533922687137
n:  701 -1.2552349210094937 0.16748533922687137
n:  702 -1.2552252056806983 0.16748533922687137
n:  703 -1.2550573469505293 0.16748533922687137
n:  704 -1.2548265957547275 0.16748533922687137
n:  705 -1.2547415471483696 0.16748533922687137
n:  706 -1.253835090127326 0.16748533922687137
n:  707 -1.2529083619951944 0.16748533922687137
n:  708 -1.251489669465125 0.16748533922687137
n:  709 -1.251489669465125 0.16748533922687137
n:  710 -1.2505622384755717 0.16748533922687137
n:  711 -1.247824279242881 0.16748533922687137
n:  712 -1.2452983175364392 0.16748533922687137
n:  713 -1.2446144332334586 0.16748533922687137
n:  714 -1.2396481279677898 0.16748533922687137
n:  715 -1.2320296016534902 0.16748533922687137
n:  716 -1.231823183183581 0.16748533922687137
n:  717 -1.2312388122278477 0.16748533922687137
n:  718 -1.2311753717689744 0.16748533922687137
n:  719 -1.2307940960484336 0.16748533922687137
n:  720 -1.2299674461314285 0.16748533922687137
n:  721 -1.2297456974492744 0.16748533922687137
n:  722 -1.2292689225758073 0.16748533922687137
n:  723 -1.2242946606103124 0.16748533922687137
n:  724 -1.221275052411049 0.16748533922687137
n:  725 -1.2196994650764814 0.16748533922687137
n:  726 -1.2194234545475786 0.16748533922687137
n:  727 -1.2194234545475786 0.16748533922687137
n:  728 -1.2183724543126784 0.16748533922687137
n:  729 -1.2183724543126784 0.16748533922687137
n:  730 -1.2161845263253144 0.16748533922687137
n:  731 -1.2161845263253148 0.16748533922687137
n:  732 -1.2161845263253146 0.16748533922687137
n:  733 -1.2161845263253148 0.16748533922687137
n:  734 -1.2160997190853737 0.16748533922687137
n:  735 -1.2159450013431483 0.16748533922687137
n:  736 -1.2140960451590599 0.16748533922687137
n:  737 -1.2117992966075468 0.16748533922687137
n:  738 -1.2117992966075468 0.16748533922687137
n:  739 -1.2117992966075466 0.16748533922687137
n:  740 -1.2045579094623107 0.16748533922687137
n:  741 -1.2040277971986866 0.16748533922687137
n:  742 -1.2036518117581223 0.16748533922687137
n:  743 -1.200780676428903 0.16748533922687137
n:  744 -1.200780676428903 0.16748533922687137
n:  745 -1.200648127062184 0.16748533922687137
n:  746 -1.199793713048529 0.16748533922687137
n:  747 -1.199793713048529 0.16748533922687137
n:  748 -1.199793713048529 0.16748533922687137
n:  749 -1.1989283383395208 0.16748533922687137
n:  750 -1.1989283383395206 0.16748533922687137
n:  751 -1.198108057282874 0.16748533922687137
n:  752 -1.1949516936407805 0.16748533922687137
n:  753 -1.1942080672394801 0.16748533922687137
n:  754 -1.193581668759991 0.16748533922687137
n:  755 -1.1927255033335857 0.16748533922687137
n:  756 -1.1927255033335857 0.16748533922687137
n:  757 -1.1927255033335857 0.16748533922687137
n:  758 -1.1920000832550297 0.16748533922687137
n:  759 -1.1915276142352291 0.16748533922687137
n:  760 -1.189051306757751 0.16748533922687137
n:  761 -1.1871862220299467 0.16748533922687137
n:  762 -1.1868395512615006 0.16748533922687137
n:  763 -1.1858671199833488 0.16748533922687137
n:  764 -1.1858671199833488 0.16748533922687137
n:  765 -1.1851000538527128 0.16748533922687137
n:  766 -1.1851000538527123 0.16748533922687137
n:  767 -1.182734956229053 0.16748533922687137
n:  768 -1.182698174142957 0.16748533922687137
n:  769 -1.182187395698055 0.16748533922687137
n:  770 -1.181930288692496 0.16748533922687137
n:  771 -1.181930288692496 0.16748533922687137
n:  772 -1.1819067417748303 0.16748533922687137
n:  773 -1.1819067417748306 0.16748533922687137
n:  774 -1.1811206892998976 0.16748533922687137
n:  775 -1.1810819841665376 0.16748533922687137
n:  776 -1.1810819841665374 0.16748533922687137
n:  777 -1.1808919185517661 0.16748533922687137
n:  778 -1.1807369507748755 0.16748533922687137
n:  779 -1.1794293874883994 0.16748533922687137
n:  780 -1.1791739348629944 0.16748533922687137
n:  781 -1.1780604455981922 0.16748533922687137
n:  782 -1.1780604455981922 0.16748533922687137
n:  783 -1.1780604455981922 0.16748533922687137
n:  784 -1.1773389388034223 0.16748533922687137
n:  785 -1.176929725740203 0.16748533922687137
n:  786 -1.1756541783506425 0.16748533922687137
n:  787 -1.1740843408636612 0.16748533922687137
n:  788 -1.1728195884527748 0.16748533922687137
n:  789 -1.1728195884527748 0.16748533922687137
n:  790 -1.1728195884527748 0.16748533922687137
n:  791 -1.1688553809774869 0.16748533922687137
n:  792 -1.168008482780799 0.16748533922687137
n:  793 -1.1671696174577537 0.16748533922687137
n:  794 -1.1671473219004442 0.16748533922687137
n:  795 -1.1643551761133926 0.16748533922687137
n:  796 -1.163705269356581 0.16748533922687137
n:  797 -1.1623101067706747 0.16748533922687137
n:  798 -1.1614588365337695 0.16748533922687137
n:  799 -1.1614585962745276 0.16748533922687137
n:  800 -1.1614585962745279 0.16748533922687137
n:  801 -1.1614585962745279 0.16748533922687137
n:  802 -1.1614585962745279 0.16748533922687137
n:  803 -1.161381016397319 0.16748533922687137
n:  804 -1.160002941669707 0.16748533922687137
n:  805 -1.1566133023713667 0.16748533922687137
n:  806 -1.1565908422034106 0.16748533922687137
n:  807 -1.1565908422034104 0.16748533922687137
n:  808 -1.1545189996837586 0.16748533922687137
n:  809 -1.1545189996837584 0.16748533922687137
n:  810 -1.1538619520814009 0.16748533922687137
n:  811 -1.1536372545159075 0.16748533922687137
n:  812 -1.1532771261227466 0.16748533922687137
n:  813 -1.1532771261227466 0.16748533922687137
n:  814 -1.1519011056319586 0.16748533922687137
n:  815 -1.1512832837562477 0.16748533922687137
n:  816 -1.1512832837562474 0.16748533922687137
n:  817 -1.1505242536512978 0.16748533922687137
n:  818 -1.1503986860655724 0.16748533922687137
n:  819 -1.1503986860655724 0.16748533922687137
n:  820 -1.1501910761004923 0.16748533922687137
n:  821 -1.1498702452506246 0.16748533922687137
n:  822 -1.1498702452506249 0.16748533922687137
n:  823 -1.149870245250625 0.16748533922687137
n:  824 -1.148427414274971 0.16748533922687137
n:  825 -1.1483954606517346 0.16748533922687137
n:  826 -1.148192666433588 0.16748533922687137
n:  827 -1.1473760789738294 0.16748533922687137
n:  828 -1.1471716901669264 0.16748533922687137
n:  829 -1.1465492971620874 0.16748533922687137
n:  830 -1.144477058511916 0.16748533922687137
n:  831 -1.144477058511916 0.16748533922687137
n:  832 -1.1443712925154672 0.16748533922687137
n:  833 -1.144267621708175 0.16748533922687137
n:  834 -1.1442676217081753 0.16748533922687137
n:  835 -1.144189653504554 0.16748533922687137
n:  836 -1.1427922869414384 0.16748533922687137
n:  837 -1.1418195376887987 0.16748533922687137
n:  838 -1.141819537688799 0.16748533922687137
n:  839 -1.1409097390355365 0.16748533922687137
n:  840 -1.1399400853726325 0.16748533922687137
n:  841 -1.1399400853726323 0.16748533922687137
n:  842 -1.1388672372164128 0.16748533922687137
n:  843 -1.1381874580372637 0.16748533922687137
n:  844 -1.136926144298642 0.16748533922687137
n:  845 -1.1344737748638192 0.16748533922687137
n:  846 -1.1339888863492809 0.16748533922687137
n:  847 -1.1293866789212959 0.16748533922687137
n:  848 -1.1293866789212959 0.16748533922687137
n:  849 -1.1197614557659106 0.16748533922687137
n:  850 -1.1197614557659108 0.16748533922687137
n:  851 -1.1197614557659108 0.16748533922687137
n:  852 -1.1189707283883092 0.16748533922687137
n:  853 -1.1184105131357682 0.16748533922687137
n:  854 -1.1166542079822157 0.16748533922687137
n:  855 -1.1166542079822157 0.16748533922687137
n:  856 -1.1149692361789907 0.16748533922687137
n:  857 -1.1146934900162542 0.16748533922687137
n:  858 -1.1126602875642775 0.16748533922687137
n:  859 -1.1126602875642775 0.16748533922687137
n:  860 -1.1078764176455096 0.16748533922687137
n:  861 -1.1028037252876164 0.16748533922687137
n:  862 -1.101866687712186 0.16748533922687137
n:  863 -1.10031547958631 0.16748533922687137
n:  864 -1.09862313819581 0.16748533922687137
n:  865 -1.0986231381958103 0.16748533922687137
n:  866 -1.0968078526356013 0.16748533922687137
n:  867 -1.0956428465732246 0.16748533922687137
n:  868 -1.094659956126342 0.16748533922687137
n:  869 -1.094659956126342 0.16748533922687137
n:  870 -1.0940560568750033 0.16748533922687137
n:  871 -1.0938438492310443 0.16748533922687137
n:  872 -1.09308109499946 0.16748533922687137
n:  873 -1.0928764327388536 0.16748533922687137
n:  874 -1.0928764327388536 0.16748533922687137
n:  875 -1.0928764327388534 0.16748533922687137
n:  876 -1.0916703235414997 0.16748533922687137
n:  877 -1.0889198755943756 0.16748533922687137
n:  878 -1.0889198755943754 0.16748533922687137
n:  879 -1.0884804972305278 0.16748533922687137
n:  880 -1.0860119252541112 0.16748533922687137
n:  881 -1.0847739570555883 0.16748533922687137
n:  882 -1.0816278465365552 0.16748533922687137
n:  883 -1.0816278465365552 0.16748533922687137
n:  884 -1.0816278465365554 0.16748533922687137
n:  885 -1.0807546077305394 0.16748533922687137
n:  886 -1.0796031187268342 0.16748533922687137
n:  887 -1.079555549108732 0.16748533922687137
n:  888 -1.0792943957237386 0.16748533922687137
n:  889 -1.0763512481869277 0.16748533922687137
n:  890 -1.0762054444785933 0.16748533922687137
n:  891 -1.076205383492815 0.16748533922687137
n:  892 -1.0757438959167955 0.16748533922687137
n:  893 -1.07317552672226 0.16748533922687137
n:  894 -1.072447001284805 0.16748533922687137
n:  895 -1.072447001284805 0.16748533922687137
n:  896 -1.071239849520489 0.16748533922687137
n:  897 -1.071239849520489 0.16748533922687137
n:  898 -1.071239849520489 0.16748533922687137
n:  899 -1.067646075158492 0.16748533922687137
n:  900 -1.0673481680380348 0.16748533922687137
n:  901 -1.0673481680380348 0.16748533922687137
n:  902 -1.0646804514725616 0.16748533922687137
n:  903 -1.0621154137776754 0.16748533922687137
n:  904 -1.0616496105277264 0.16748533922687137
n:  905 -1.0611592130552472 0.16748533922687137
n:  906 -1.0611592130552472 0.16748533922687137
n:  907 -1.0568851917180795 0.16748533922687137
n:  908 -1.0554981856567411 0.16748533922687137
n:  909 -1.05444895923026 0.16748533922687137
n:  910 -1.0544489592302602 0.16748533922687137
n:  911 -1.0544033493505116 0.16748533922687137
n:  912 -1.053165922387808 0.16748533922687137
n:  913 -1.052201677114317 0.16748533922687137
n:  914 -1.0514990077657755 0.16748533922687137
n:  915 -1.0514990077657755 0.16748533922687137
n:  916 -1.0514990077657758 0.16748533922687137
n:  917 -1.0511537698536932 0.16748533922687137
n:  918 -1.049163329914943 0.16748533922687137
n:  919 -1.0491633299149432 0.16748533922687137
n:  920 -1.0486056255443323 0.16748533922687137
n:  921 -1.0466916192218785 0.16748533922687137
n:  922 -1.0464744203726037 0.16748533922687137
n:  923 -1.0460776819847515 0.16748533922687137
n:  924 -1.0459066391493286 0.16748533922687137
n:  925 -1.045421824686336 0.16748533922687137
n:  926 -1.044565323709677 0.16748533922687137
n:  927 -1.0433583564711402 0.16748533922687137
n:  928 -1.0432871102276975 0.16748533922687137
n:  929 -1.0424239369674346 0.16748533922687137
n:  930 -1.0401439829908992 0.16748533922687137
n:  931 -1.038095849244986 0.16748533922687137
n:  932 -1.037611681151846 0.16748533922687137
n:  933 -1.037611681151846 0.16748533922687137
n:  934 -1.0368878402412185 0.16748533922687137
n:  935 -1.0331750713430692 0.16748533922687137
n:  936 -1.0319141919453 0.16748533922687137
n:  937 -1.0305881459713297 0.16748533922687137
n:  938 -1.0288761454984874 0.16748533922687137
n:  939 -1.0288761454984874 0.16748533922687137
n:  940 -1.0278414189455434 0.16748533922687137
n:  941 -1.0278414189455434 0.16748533922687137
n:  942 -1.0244165286638225 0.16748533922687137
n:  943 -1.0230205467677158 0.16748533922687137
n:  944 -1.022411368923147 0.16748533922687137
n:  945 -1.0205890193695069 0.16748533922687137
n:  946 -1.02021186363429 0.16748533922687137
n:  947 -1.0198609221842043 0.16748533922687137
n:  948 -1.019228286056927 0.16748533922687137
n:  949 -1.0186950492062474 0.16748533922687137
n:  950 -1.0186950492062474 0.16748533922687137
n:  951 -1.0182393838360633 0.16748533922687137
n:  952 -1.0162623772724775 0.16748533922687137
n:  953 -1.0162623772724777 0.16748533922687137
n:  954 -1.015359612360349 0.16748533922687137
n:  955 -1.014691085166121 0.16748533922687137
n:  956 -1.0146910851661208 0.16748533922687137
n:  957 -1.0146910851661208 0.16748533922687137
n:  958 -1.0127166255568743 0.16748533922687137
n:  959 -1.012716625556874 0.16748533922687137
n:  960 -1.011730856691049 0.16748533922687137
n:  961 -1.011730856691049 0.16748533922687137
n:  962 -1.0117300778115415 0.16748533922687137
n:  963 -1.0086111934301465 0.16748533922687137
n:  964 -1.0083993614464546 0.16748533922687137
n:  965 -1.0079660396353587 0.16748533922687137
n:  966 -1.0079660396353587 0.16748533922687137
n:  967 -1.007630068343441 0.16748533922687137
n:  968 -1.004572152316114 0.16748533922687137
n:  969 -1.0040756670658262 0.16748533922687137
n:  970 -1.003945627942948 0.16748533922687137
n:  971 -1.0039456279429475 0.16748533922687137
n:  972 -1.0039456279429477 0.16748533922687137
n:  973 -1.0039456279429477 0.16748533922687137
n:  974 -1.0025726868923557 0.16748533922687137
n:  975 -1.0025726868923557 0.16748533922687137
n:  976 -1.002479610316308 0.16748533922687137
n:  977 -1.0024796103163078 0.16748533922687137
n:  978 -1.001861115194454 0.16748533922687137
n:  979 -1.001861115194454 0.16748533922687137
n:  980 -1.0017555075674742 0.16748533922687137
n:  981 -1.001755507567474 0.16748533922687137
n:  982 -1.0006859836305488 0.16748533922687137
n:  983 -0.9980544467224378 0.16748533922687137
n:  984 -0.9951130361810049 0.16748533922687137
n:  985 -0.9951041118742099 0.16748533922687137
n:  986 -0.9942316661211695 0.16748533922687137
n:  987 -0.9942316661211695 0.16748533922687137
n:  988 -0.9939331004421622 0.16748533922687137
n:  989 -0.9938527678009191 0.16748533922687137
n:  990 -0.990622522339717 0.16748533922687137
n:  991 -0.988345482989157 0.16748533922687137
n:  992 -0.988118207243825 0.16748533922687137
n:  993 -0.988118207243825 0.16748533922687137
n:  994 -0.9881158995916118 0.16748533922687137
n:  995 -0.9875076376932098 0.16748533922687137
n:  996 -0.9868109240196697 0.16748533922687137
n:  997 -0.9868109240196697 0.16748533922687137
n:  998 -0.9868109240196696 0.16748533922687137
n:  999 -0.9868109240196697 0.16748533922687137
n:  1000 -0.9868109240196696 0.16748533922687137
n:  1001 -0.9868109240196696 0.16748533922687137
n:  1002 0.16748533922687137
Final Robustness:  -1.4767676364496125
Final cost:  14.767676364496126
Solution
[[ 0.         -1.3481862  -1.05525227  0.35468723 -0.92789315  2.04634803
   3.41092386  2.8961089   2.91147396  3.93252531]
 [ 0.         -2.31827945 -0.90185175 -2.45853054  0.64656982 -0.30645281
   0.20527477  2.54241329  2.63386231  4.23581159]
 [ 0.          2.68179523  1.44640165  2.10028051  3.35956257  3.12319752
   1.45737171  2.39316754  0.09273085  1.89968085]]
Robustness of predicates 1 (obstacle), 2 (eventually), 3 (speed)
[1.0, 3.31827945316296, 2.0552522671437954, 3.4585305388154737, 1.9278931466342673, 1.3064528061867677, 0.7947252300540675, -0.10389109969045407, -0.08852603502496592, 1.2358115943277364]
[-0.5769230769230769, -0.884923346081166, -0.8399109841837852, -1.1430446674074963, -1.0824833041616042, -1.1678616307753271, -1.31698300683047, -1.0169372689420444, -1.4025573690486697, -1.4767676364496125]
[2.0, -0.6817952316714209, 0.5535983472686483, -0.10028051401683369, -1.3595625695596891, -1.1231975156109582, 0.5426282944492336, -0.3931675410101847, 1.9072691525984269, 0.10031914709068435]
Combined Robustness Vector
[-0.5769230769230769, -0.884923346081166, -0.8399109841837852, -1.1430446674074963, -1.3595625695596891, -1.1678616307753271, -1.31698300683047, -1.0169372689420444, -1.4025573690486697, -1.4767676364496125]
