n:  0 -6.751026469505219 -1.5987455136904598
n:  1 -6.4054317426644785 -1.5987455136904598
n:  2 -6.1273221457620135 -1.5987455136904598
n:  3 -5.9766064131614565 -1.5987455136904598
n:  4 -5.7543836747644885 -1.5987455136904598
n:  5 -5.533036221945512 -1.196341945071821
n:  6 -5.466810891578999 -1.196341945071821
n:  7 -5.427809546675457 -1.196341945071821
n:  8 -5.246309481435193 -1.196341945071821
n:  9 -5.185319530547495 -1.196341945071821
n:  10 -4.986958457139768 -1.196341945071821
n:  11 -4.900121417279435 -1.196341945071821
n:  12 -4.834671708223628 -1.196341945071821
n:  13 -4.690505193983596 -1.196341945071821
n:  14 -4.662702746688659 -1.196341945071821
n:  15 -4.625300202093208 -1.196341945071821
n:  16 -4.57613044228847 -1.196341945071821
n:  17 -4.524312042531078 -1.196341945071821
n:  18 -4.5019643829207965 -1.196341945071821
n:  19 -4.483210283169247 -1.196341945071821
n:  20 -4.421827868441194 -1.196341945071821
n:  21 -4.388417367203416 -1.196341945071821
n:  22 -4.37308413896248 -1.196341945071821
n:  23 -4.322030849469094 -1.196341945071821
n:  24 -4.2935047507054716 -1.196341945071821
n:  25 -4.26833728324229 -1.196341945071821
n:  26 -4.183607831306969 -1.196341945071821
n:  27 -4.13962888488286 -1.196341945071821
n:  28 -4.11304659968083 -1.196341945071821
n:  29 -4.0552877580894515 -1.196341945071821
n:  30 -4.015740420685468 -1.196341945071821
n:  31 -3.9804866756763033 -1.196341945071821
n:  32 -3.9587661618762393 -1.196341945071821
n:  33 -3.9360204624505384 -1.196341945071821
n:  34 -3.8982278648579007 -1.196341945071821
n:  35 -3.8717346376414836 -1.196341945071821
n:  36 -3.8462776571002797 -1.196341945071821
n:  37 -3.8265354433909753 -1.196341945071821
n:  38 -3.8159701715439276 -1.196341945071821
n:  39 -3.810413270104682 -1.196341945071821
n:  40 -3.7835478194941525 -1.196341945071821
n:  41 -3.7707017483871743 -1.196341945071821
n:  42 -3.7618798298637723 -1.196341945071821
n:  43 -3.7278864053424523 -1.196341945071821
n:  44 -3.7127947373804853 -1.196341945071821
n:  45 -3.670758850171997 -1.196341945071821
n:  46 -3.6516972591272014 -1.1403397521665302
n:  47 -3.636604902993061 -1.1403397521665302
n:  48 -3.6265290371004593 -1.1403397521665302
n:  49 -3.6126094564609166 -1.1403397521665302
n:  50 -3.595589609292077 -1.1403397521665302
n:  51 -3.583586086270876 -1.1403397521665302
n:  52 -3.550997242470051 -1.1403397521665302
n:  53 -3.5446614746292666 -1.1403397521665302
n:  54 -3.5404204070471974 -1.1403397521665302
n:  55 -3.5176520887269986 -1.1403397521665302
n:  56 -3.503027575534867 -1.1403397521665302
n:  57 -3.4818086144620315 -1.1403397521665302
n:  58 -3.4722329629415594 -1.1403397521665302
n:  59 -3.4503853629550036 -1.1403397521665302
n:  60 -3.4140877834944647 -1.1403397521665302
n:  61 -3.397557178509006 -1.1403397521665302
n:  62 -3.385411423571504 -1.1403397521665302
n:  63 -3.363780448993654 -1.1403397521665302
n:  64 -3.358745273484207 -1.1403397521665302
n:  65 -3.329952039933561 -1.1403397521665302
n:  66 -3.3243033648678573 -1.1403397521665302
n:  67 -3.315228890426466 -1.1403397521665302
n:  68 -3.30688053157635 -1.1403397521665302
n:  69 -3.2878104370775163 -1.1403397521665302
n:  70 -3.2763355166900725 -1.1403397521665302
n:  71 -3.273762974517203 -1.1403397521665302
n:  72 -3.267492315918503 -1.1403397521665302
n:  73 -3.259877611555641 -1.1403397521665302
n:  74 -3.2529153022222994 -1.1403397521665302
n:  75 -3.2389762742310095 -1.1403397521665302
n:  76 -3.230302889627731 -1.1403397521665302
n:  77 -3.2216220291275874 -1.1403397521665302
n:  78 -3.204026790438475 -1.1403397521665302
n:  79 -3.201090074085989 -1.1403397521665302
n:  80 -3.1904186712636777 -1.1403397521665302
n:  81 -3.173369551917283 -1.1118311020787885
n:  82 -3.154677090968058 -1.1118311020787885
n:  83 -3.140612826812317 -1.1118311020787885
n:  84 -3.139262322214606 -1.1118311020787885
n:  85 -3.132296197006932 -1.1118311020787885
n:  86 -3.1095591264327664 -1.1118311020787885
n:  87 -3.1012630695591104 -1.1118311020787885
n:  88 -3.0995082402323697 -1.1118311020787885
n:  89 -3.086573252491216 -1.1118311020787885
n:  90 -3.0758289502146856 -1.1118311020787885
n:  91 -3.0695723750936543 -1.1118311020787885
n:  92 -3.0646991468428717 -1.1118311020787885
n:  93 -3.0352525094456264 -0.9274070042331588
n:  94 -3.023293535021093 -0.9274070042331588
n:  95 -3.0132084138256228 -0.9274070042331588
n:  96 -3.001091072195609 -0.9274070042331588
n:  97 -2.9938460130266957 -0.9274070042331588
n:  98 -2.991909733833208 -0.9274070042331588
n:  99 -2.988127751584359 -0.9274070042331588
n:  100 -2.986129110980526 -0.9274070042331588
n:  101 -2.9732341432074993 -0.9274070042331588
n:  102 -2.967927745011933 -0.9274070042331588
n:  103 -2.962541113649129 -0.9274070042331588
n:  104 -2.9592998401569393 -0.9274070042331588
n:  105 -2.9525298580571433 -0.9274070042331588
n:  106 -2.9509076482714898 -0.9274070042331588
n:  107 -2.919822433695975 -0.9274070042331588
n:  108 -2.91540987337871 -0.9274070042331588
n:  109 -2.884246151637693 -0.9274070042331588
n:  110 -2.8760260491350875 -0.9274070042331588
n:  111 -2.866214118006716 -0.9274070042331588
n:  112 -2.858399862142209 -0.9274070042331588
n:  113 -2.8473555487456146 -0.9274070042331588
n:  114 -2.8405381357094326 -0.9274070042331588
n:  115 -2.8344441040013653 -0.9274070042331588
n:  116 -2.8234393525504946 -0.9274070042331588
n:  117 -2.8201976373612143 -0.9274070042331588
n:  118 -2.818289964364571 -0.9131425597643825
n:  119 -2.8007640558397866 -0.9131425597643825
n:  120 -2.8007619101351366 -0.9131425597643825
n:  121 -2.7967694572271684 -0.9131425597643825
n:  122 -2.794230648157294 -0.9131425597643825
n:  123 -2.7860491507675995 -0.9131425597643825
n:  124 -2.7830305134505333 -0.9131425597643825
n:  125 -2.7808129783172264 -0.9131425597643825
n:  126 -2.780028626844279 -0.9131425597643825
n:  127 -2.772787487178105 -0.9131425597643825
n:  128 -2.767247024725713 -0.9131425597643825
n:  129 -2.764301237909367 -0.9131425597643825
n:  130 -2.758523458379857 -0.9131425597643825
n:  131 -2.7547412744075053 -0.9131425597643825
n:  132 -2.744306728565303 -0.9131425597643825
n:  133 -2.739260832909078 -0.9131425597643825
n:  134 -2.73255668502704 -0.9131425597643825
n:  135 -2.718630174304345 -0.9131425597643825
n:  136 -2.7139742714632877 -0.9131425597643825
n:  137 -2.711745528012253 -0.8667511592874515
n:  138 -2.710030753009672 -0.8667511592874515
n:  139 -2.710030753009672 -0.8667511592874515
n:  140 -2.7021584588035314 -0.8667511592874515
n:  141 -2.7020568264236395 -0.8667511592874515
n:  142 -2.696450915889555 -0.8667511592874515
n:  143 -2.695271696038046 -0.8667511592874515
n:  144 -2.6924433924601328 -0.8667511592874515
n:  145 -2.691966175529779 -0.8667511592874515
n:  146 -2.687111904359046 -0.8640019557231797
n:  147 -2.6852493773467887 -0.8640019557231797
n:  148 -2.681597199607211 -0.8640019557231797
n:  149 -2.6617246023496386 -0.8640019557231797
n:  150 -2.6557686957082676 -0.8571607685651501
n:  151 -2.6526588344037334 -0.8227491624641758
n:  152 -2.6487074979808165 -0.8227491624641758
n:  153 -2.6439045784904365 -0.8227491624641758
n:  154 -2.6416707711994007 -0.8227491624641758
n:  155 -2.635213726907525 -0.8210046354790393
n:  156 -2.6250698170822786 -0.8210046354790393
n:  157 -2.6240148356486275 -0.8210046354790393
n:  158 -2.615232011670193 -0.703609814234432
n:  159 -2.610616987859721 -0.703609814234432
n:  160 -2.6101675175431267 -0.703609814234432
n:  161 -2.6047333697657593 -0.5436696185119487
n:  162 -2.5969426087618 -0.5436696185119487
n:  163 -2.5903071699982116 -0.5436696185119487
n:  164 -2.5877710664550215 -0.5436696185119487
n:  165 -2.5828079482292288 -0.5436696185119487
n:  166 -2.578614761463949 -0.5436696185119487
n:  167 -2.5759382763758025 -0.5436696185119487
n:  168 -2.5751486948292865 -0.5436696185119487
n:  169 -2.572548371396999 -0.5436696185119487
n:  170 -2.5699238356732117 -0.5436696185119487
n:  171 -2.5579814143821245 -0.5436696185119487
n:  172 -2.552977760505097 -0.5436696185119487
n:  173 -2.5448613931569084 -0.5436696185119487
n:  174 -2.5391309616942137 -0.5436696185119487
n:  175 -2.53330352538879 -0.5436696185119487
n:  176 -2.52923938781252 -0.5436696185119487
n:  177 -2.5252833402170576 -0.5436696185119487
n:  178 -2.5188329303240335 -0.5436696185119487
n:  179 -2.512857618921692 -0.5436696185119487
n:  180 -2.503412458889228 -0.5436696185119487
n:  181 -2.503412458889228 -0.5436696185119487
n:  182 -2.4946227233249085 -0.5436696185119487
n:  183 -2.4878260992725045 -0.5436696185119487
n:  184 -2.4758241362552855 -0.5436696185119487
n:  185 -2.466931443417519 -0.5436696185119487
n:  186 -2.4664370209492774 -0.5436696185119487
n:  187 -2.4637897692118216 -0.5436696185119487
n:  188 -2.4612331345689835 -0.5436696185119487
n:  189 -2.4600513630067655 -0.5436696185119487
n:  190 -2.4594153981209814 -0.5436696185119487
n:  191 -2.4576845501255806 -0.5436696185119487
n:  192 -2.4552631997155046 -0.5436696185119487
n:  193 -2.4541350726652134 -0.5436696185119487
n:  194 -2.4520642874931884 -0.5436696185119487
n:  195 -2.448818051550243 -0.5436696185119487
n:  196 -2.4432339347665963 -0.5436696185119487
n:  197 -2.4429585600993193 -0.5436696185119487
n:  198 -2.4422697237921502 -0.5436696185119487
n:  199 -2.440120110156017 -0.5436696185119487
n:  200 -2.438662786589735 -0.5436696185119487
n:  201 -2.4319216262191863 -0.5436696185119487
n:  202 -2.4285393503901904 -0.5436696185119487
n:  203 -2.4278480279168413 -0.5436696185119487
n:  204 -2.4256967720213582 -0.5436696185119487
n:  205 -2.4185612065762303 -0.5436696185119487
n:  206 -2.413634804428924 -0.5436696185119487
n:  207 -2.4119934949990425 -0.5436696185119487
n:  208 -2.4092943034628203 -0.5436696185119487
n:  209 -2.4069295643966813 -0.5436696185119487
n:  210 -2.403107940694265 -0.5436696185119487
n:  211 -2.40033182040164 -0.5436696185119487
n:  212 -2.3968075254250154 -0.5436696185119487
n:  213 -2.3898015224726024 -0.5065296536464436
n:  214 -2.3820337320389786 -0.5065296536464436
n:  215 -2.376133093407932 -0.5065296536464436
n:  216 -2.3686517723684477 -0.5065296536464436
n:  217 -2.3622981908303786 -0.5065296536464436
n:  218 -2.355472134612876 -0.5065296536464436
n:  219 -2.3492157377379446 -0.5065296536464436
n:  220 -2.3436886761288713 -0.5065296536464436
n:  221 -2.3427325847961593 -0.5065296536464436
n:  222 -2.340791314606951 -0.5065296536464436
n:  223 -2.336949708431305 -0.5065296536464436
n:  224 -2.3278844514419657 -0.5065296536464436
n:  225 -2.323688311060083 -0.5065296536464436
n:  226 -2.313461142558996 -0.5065296536464436
n:  227 -2.3125072999448437 -0.5065296536464436
n:  228 -2.31002166340927 -0.43693288429063193
n:  229 -2.3056183457843926 -0.42948989149529293
n:  230 -2.2984090266729567 -0.42948989149529293
n:  231 -2.2967632766350454 -0.42948989149529293
n:  232 -2.2967632766350454 -0.42948989149529293
n:  233 -2.287600386076607 -0.42948989149529293
n:  234 -2.2836723202180966 -0.42948989149529293
n:  235 -2.2765295945655226 -0.42948989149529293
n:  236 -2.275515207206869 -0.42948989149529293
n:  237 -2.275515207206869 -0.42948989149529293
n:  238 -2.271857889671973 -0.42948989149529293
n:  239 -2.2668060846850238 -0.42948989149529293
n:  240 -2.262618601244908 -0.42948989149529293
n:  241 -2.2569493191399728 -0.4117963700824183
n:  242 -2.2569493191399728 -0.4117963700824183
n:  243 -2.2569005293409736 -0.4117963700824183
n:  244 -2.2564893619530295 -0.4117963700824183
n:  245 -2.251856767100479 -0.4117963700824183
n:  246 -2.251856767100479 -0.4117963700824183
n:  247 -2.2504468987042565 -0.4117963700824183
n:  248 -2.2492732739188157 -0.4117963700824183
n:  249 -2.247332675938716 -0.4117963700824183
n:  250 -2.2329488259396695 -0.4117963700824183
n:  251 -2.2320614031904724 -0.4117963700824183
n:  252 -2.2290427257232914 -0.4117963700824183
n:  253 -2.229042725723291 -0.4117963700824183
n:  254 -2.226486868487589 -0.4117963700824183
n:  255 -2.2252503303012166 -0.4117963700824183
n:  256 -2.2239385513020076 -0.4117963700824183
n:  257 -2.2239385513020076 -0.4117963700824183
n:  258 -2.2198127655423465 -0.4117963700824183
n:  259 -2.2188514493920213 -0.4117963700824183
n:  260 -2.2174168228492976 -0.4117963700824183
n:  261 -2.214162237389905 -0.4117963700824183
n:  262 -2.2131818470104068 -0.4117963700824183
n:  263 -2.2117403762549217 -0.2825322311869565
n:  264 -2.2083858043422255 -0.2825322311869565
n:  265 -2.205444439388576 -0.2825322311869565
n:  266 -2.2029200237863704 -0.2825322311869565
n:  267 -2.201947669497448 -0.2825322311869565
n:  268 -2.199349910163597 -0.2825322311869565
n:  269 -2.1987995693907827 -0.2825322311869565
n:  270 -2.198596328510891 -0.2825322311869565
n:  271 -2.1966925388665937 -0.2825322311869565
n:  272 -2.1966925388665937 -0.2825322311869565
n:  273 -2.1939227237908865 -0.2825322311869565
n:  274 -2.1935721815116667 -0.2825322311869565
n:  275 -2.1899663158379763 -0.2825322311869565
n:  276 -2.189321166388831 -0.2825322311869565
n:  277 -2.184113905888097 -0.2825322311869565
n:  278 -2.1817340752059637 -0.2825322311869565
n:  279 -2.179962185841956 -0.2825322311869565
n:  280 -2.177941722887051 -0.2825322311869565
n:  281 -2.176523386256427 -0.2825322311869565
n:  282 -2.172500214241121 -0.2825322311869565
n:  283 -2.1680727240876574 -0.2825322311869565
n:  284 -2.167386977461372 -0.2825322311869565
n:  285 -2.1665004190857275 -0.2825322311869565
n:  286 -2.1665004190857284 -0.2825322311869565
n:  287 -2.1651674634858034 -0.2825322311869565
n:  288 -2.1599534346901748 -0.2825322311869565
n:  289 -2.157794832184942 -0.2825322311869565
n:  290 -2.156646151142234 -0.2825322311869565
n:  291 -2.149294175660563 -0.2825322311869565
n:  292 -2.1402154342285873 -0.2825322311869565
n:  293 -2.1351647297929817 -0.2825322311869565
n:  294 -2.1289249687119707 -0.2825322311869565
n:  295 -2.1251180754486008 -0.2825322311869565
n:  296 -2.124896375000044 -0.2825322311869565
n:  297 -2.1242952165710394 -0.2825322311869565
n:  298 -2.12204397541878 -0.2825322311869565
n:  299 -2.113154528202443 -0.2825322311869565
n:  300 -2.1112133952882006 -0.2825322311869565
n:  301 -2.110722580274348 -0.2825322311869565
n:  302 -2.1090772604939865 -0.2825322311869565
n:  303 -2.1083253858654203 -0.2825322311869565
n:  304 -2.107871776281739 -0.2825322311869565
n:  305 -2.1039798312902342 -0.2825322311869565
n:  306 -2.1011159513489095 -0.2825322311869565
n:  307 -2.09965637388199 -0.2825322311869565
n:  308 -2.098878404670481 -0.2825322311869565
n:  309 -2.0988784046704807 -0.2825322311869565
n:  310 -2.0961997311711107 -0.2825322311869565
n:  311 -2.094470696189698 -0.2825322311869565
n:  312 -2.094470696189698 -0.2825322311869565
n:  313 -2.094470696189698 -0.2825322311869565
n:  314 -2.0929892295833072 -0.2825322311869565
n:  315 -2.0928167757130463 -0.2825322311869565
n:  316 -2.091237055865419 -0.2825322311869565
n:  317 -2.0884080003942316 -0.2825322311869565
n:  318 -2.0862194806230945 -0.2825322311869565
n:  319 -2.085788787554117 -0.2825322311869565
n:  320 -2.0850332709652495 -0.2825322311869565
n:  321 -2.0839150417053567 -0.2825322311869565
n:  322 -2.082088825501176 -0.2825322311869565
n:  323 -2.0800368562004645 -0.2825322311869565
n:  324 -2.079651376349128 -0.2825322311869565
n:  325 -2.0796291920667467 -0.2825322311869565
n:  326 -2.0747369384715606 -0.2825322311869565
n:  327 -2.0712970490974296 -0.2825322311869565
n:  328 -2.0709691218638007 -0.2825322311869565
n:  329 -2.070831571638978 -0.2825322311869565
n:  330 -2.070215436455993 -0.2825322311869565
n:  331 -2.070053349370733 -0.2825322311869565
n:  332 -2.0655015108716497 -0.2825322311869565
n:  333 -2.065313610537524 -0.2825322311869565
n:  334 -2.0644955960173927 -0.2825322311869565
n:  335 -2.060727035220883 -0.2825322311869565
n:  336 -2.057640039610862 -0.2825322311869565
n:  337 -2.057640039610862 -0.2825322311869565
n:  338 -2.0561099142340766 -0.2825322311869565
n:  339 -2.054895346552812 -0.2825322311869565
n:  340 -2.052978545393035 -0.2825322311869565
n:  341 -2.0511692737897707 -0.2825322311869565
n:  342 -2.051169273789771 -0.2825322311869565
n:  343 -2.050281219323044 -0.2825322311869565
n:  344 -2.046756031351633 -0.2825322311869565
n:  345 -2.0384726876885257 -0.2825322311869565
n:  346 -2.036049576213668 -0.2825322311869565
n:  347 -2.035053440890026 -0.2825322311869565
n:  348 -2.035053440890026 -0.2825322311869565
n:  349 -2.034980161563364 -0.2825322311869565
n:  350 -2.032751582054538 -0.2825322311869565
n:  351 -2.032751582054538 -0.2825322311869565
n:  352 -2.030237688339356 -0.2825322311869565
n:  353 -2.0284234104828816 -0.2825322311869565
n:  354 -2.0262473081705505 -0.2825322311869565
n:  355 -2.02512181223905 -0.2825322311869565
n:  356 -2.022568747528446 -0.2825322311869565
n:  357 -2.019900706162187 -0.2825322311869565
n:  358 -2.01866210724057 -0.2825322311869565
n:  359 -2.017299017366626 -0.2825322311869565
n:  360 -2.017102956747447 -0.2825322311869565
n:  361 -2.01436425327384 -0.2825322311869565
n:  362 -2.0139063475219974 -0.2825322311869565
n:  363 -2.009217491948763 -0.2825322311869565
n:  364 -2.009217491948763 -0.2825322311869565
n:  365 -2.009217491948763 -0.2825322311869565
n:  366 -2.0092174919487635 -0.2825322311869565
n:  367 -2.0058646570607195 -0.2825322311869565
n:  368 -2.005077228650773 -0.2825322311869565
n:  369 -2.003041622001602 -0.2825322311869565
n:  370 -2.000377115232722 -0.2825322311869565
n:  371 -1.999198908124443 -0.2825322311869565
n:  372 -1.9968839283444197 -0.2825322311869565
n:  373 -1.9961575702410328 -0.2825322311869565
n:  374 -1.9946350420572343 -0.2825322311869565
n:  375 -1.993438524428196 -0.2825322311869565
n:  376 -1.9920211684950786 -0.2825322311869565
n:  377 -1.9920211684950788 -0.2825322311869565
n:  378 -1.9920211684950788 -0.2825322311869565
n:  379 -1.9908036076789402 -0.2825322311869565
n:  380 -1.9844160711047971 -0.2825322311869565
n:  381 -1.9814925561678944 -0.2825322311869565
n:  382 -1.9709902616211943 -0.2825322311869565
n:  383 -1.9684053617748254 -0.2825322311869565
n:  384 -1.9684053617748254 -0.2825322311869565
n:  385 -1.9684053617748254 -0.2825322311869565
n:  386 -1.9681986028468332 -0.2825322311869565
n:  387 -1.9668851825259113 -0.2825322311869565
n:  388 -1.9641711649596352 -0.2825322311869565
n:  389 -1.9636730018901352 -0.2825322311869565
n:  390 -1.963673001890135 -0.2825322311869565
n:  391 -1.9628549332794694 -0.2825322311869565
n:  392 -1.9628549332794694 -0.2825322311869565
n:  393 -1.9615636276395605 -0.2825322311869565
n:  394 -1.9615290691078489 -0.2825322311869565
n:  395 -1.959596047784579 -0.2825322311869565
n:  396 -1.959596047784579 -0.2825322311869565
n:  397 -1.9594700729168266 -0.2825322311869565
n:  398 -1.9548819456919364 -0.2825322311869565
n:  399 -1.9514897072348916 -0.2825322311869565
n:  400 -1.9482045046076664 -0.2825322311869565
n:  401 -1.93937767558897 -0.2825322311869565
n:  402 -1.9385948321648354 -0.2825322311869565
n:  403 -1.9385948321648354 -0.2825322311869565
n:  404 -1.936704072318416 -0.2825322311869565
n:  405 -1.936227009065262 -0.2825322311869565
n:  406 -1.9362270090652622 -0.2825322311869565
n:  407 -1.9327457890541202 -0.2825322311869565
n:  408 -1.929017373672352 -0.2825322311869565
n:  409 -1.9287442845344405 -0.2825322311869565
n:  410 -1.9266881519613466 -0.2825322311869565
n:  411 -1.92538954949002 -0.2825322311869565
n:  412 -1.9243717261067494 -0.2825322311869565
n:  413 -1.9233417529257082 -0.2825322311869565
n:  414 -1.9231430628462514 -0.2825322311869565
n:  415 -1.9231430628462516 -0.2825322311869565
n:  416 -1.9161908870904154 -0.2825322311869565
n:  417 -1.9161908870904154 -0.2825322311869565
n:  418 -1.9156390550873073 -0.2825322311869565
n:  419 -1.915614032580866 -0.2825322311869565
n:  420 -1.9150424776250343 -0.2825322311869565
n:  421 -1.915042477625034 -0.2825322311869565
n:  422 -1.9140356749986884 -0.2825322311869565
n:  423 -1.9136852764120882 -0.2825322311869565
n:  424 -1.9125860087728677 -0.2825322311869565
n:  425 -1.9106511605730077 -0.2825322311869565
n:  426 -1.9076971069471973 -0.2825322311869565
n:  427 -1.901177757414393 -0.2825322311869565
n:  428 -1.89966204980512 -0.2825322311869565
n:  429 -1.8975216949950535 -0.2825322311869565
n:  430 -1.897064538726603 -0.2825322311869565
n:  431 -1.896677564679998 -0.2825322311869565
n:  432 -1.8966775646799976 -0.2825322311869565
n:  433 -1.896603265970581 -0.2825322311869565
n:  434 -1.895800500346037 -0.2825322311869565
n:  435 -1.8943602051206263 -0.2825322311869565
n:  436 -1.8924526630955187 -0.2825322311869565
n:  437 -1.8922061010122804 -0.2825322311869565
n:  438 -1.8912589168055416 -0.2825322311869565
n:  439 -1.8874259143341106 -0.2825322311869565
n:  440 -1.8858957526296856 -0.2825322311869565
n:  441 -1.885159998726987 -0.2825322311869565
n:  442 -1.8831058748576854 -0.2825322311869565
n:  443 -1.8810138533558025 -0.2825322311869565
n:  444 -1.8795286771244877 -0.2825322311869565
n:  445 -1.8794480893060108 -0.2825322311869565
n:  446 -1.8755146657463486 -0.2825322311869565
n:  447 -1.874679131522396 -0.2825322311869565
n:  448 -1.8740229184679622 -0.2825322311869565
n:  449 -1.8740229184679622 -0.2825322311869565
n:  450 -1.8728725828893469 -0.2825322311869565
n:  451 -1.8728725828893469 -0.2825322311869565
n:  452 -1.8728725828893469 -0.2825322311869565
n:  453 -1.8728152044602517 -0.2825322311869565
n:  454 -1.8720824602090373 -0.2825322311869565
n:  455 -1.8700070276803913 -0.2825322311869565
n:  456 -1.870007027680391 -0.2825322311869565
n:  457 -1.8700070276803915 -0.2825322311869565
n:  458 -1.8700070276803913 -0.2825322311869565
n:  459 -1.8696784383292464 -0.2825322311869565
n:  460 -1.8684638149841641 -0.2825322311869565
n:  461 -1.8679519764220642 -0.2825322311869565
n:  462 -1.8643838701442892 -0.2825322311869565
n:  463 -1.862894114600989 -0.2825322311869565
n:  464 -1.8623604232847135 -0.2825322311869565
n:  465 -1.855410418554922 -0.2825322311869565
n:  466 -1.8554002815082193 -0.2825322311869565
n:  467 -1.8547668936900246 -0.2825322311869565
n:  468 -1.8547668936900246 -0.2825322311869565
n:  469 -1.8530266228466845 -0.2825322311869565
n:  470 -1.8522686924742728 -0.2825322311869565
n:  471 -1.8518580617970637 -0.2825322311869565
n:  472 -1.8481199693715524 -0.2825322311869565
n:  473 -1.8477373522254963 -0.2825322311869565
n:  474 -1.8466111423692717 -0.2825322311869565
n:  475 -1.8460518754657937 -0.2825322311869565
n:  476 -1.8456809106345 -0.2825322311869565
n:  477 -1.8418917229723792 -0.2825322311869565
n:  478 -1.8418917229723795 -0.2825322311869565
n:  479 -1.8388718540994506 -0.2825322311869565
n:  480 -1.8370204196271016 -0.2825322311869565
n:  481 -1.8364124322284316 -0.2825322311869565
n:  482 -1.8362274563180376 -0.2825322311869565
n:  483 -1.8362274563180379 -0.2825322311869565
n:  484 -1.8359349251788544 -0.2825322311869565
n:  485 -1.8334712277246141 -0.2825322311869565
n:  486 -1.8334454966471214 -0.2825322311869565
n:  487 -1.832997827424436 -0.2825322311869565
n:  488 -1.832997827424436 -0.2825322311869565
n:  489 -1.8327868386928137 -0.2825322311869565
n:  490 -1.8322859649809187 -0.2825322311869565
n:  491 -1.8307273969861197 -0.2825322311869565
n:  492 -1.8302852876653657 -0.2825322311869565
n:  493 -1.829714364757742 -0.2825322311869565
n:  494 -1.8297143647577423 -0.2825322311869565
n:  495 -1.8277952933020136 -0.2825322311869565
n:  496 -1.8268354129244877 -0.2825322311869565
n:  497 -1.8261147908344435 -0.2825322311869565
n:  498 -1.824662422915774 -0.2825322311869565
n:  499 -1.8239240889052897 -0.2825322311869565
n:  500 -1.822242344090864 -0.2825322311869565
n:  501 -1.8222423440908642 -0.2825322311869565
n:  502 -1.8216859022411072 -0.2825322311869565
n:  503 -1.8212011066361722 -0.2825322311869565
n:  504 -1.8170420538414676 -0.2825322311869565
n:  505 -1.8149288020740268 -0.2825322311869565
n:  506 -1.812374896495391 -0.2825322311869565
n:  507 -1.811769567882011 -0.2825322311869565
n:  508 -1.8113387935404759 -0.2825322311869565
n:  509 -1.8113387935404768 -0.2825322311869565
n:  510 -1.8110752823981937 -0.2825322311869565
n:  511 -1.8110752823981933 -0.2825322311869565
n:  512 -1.8110752823981928 -0.2825322311869565
n:  513 -1.8103229276074586 -0.2825322311869565
n:  514 -1.807369346822854 -0.2825322311869565
n:  515 -1.8045808868889188 -0.2825322311869565
n:  516 -1.8033860792514382 -0.2825322311869565
n:  517 -1.8033860792514387 -0.2825322311869565
n:  518 -1.8023042501600113 -0.2825322311869565
n:  519 -1.801142243057626 -0.2825322311869565
n:  520 -1.7974786594046845 -0.2825322311869565
n:  521 -1.7960296671456846 -0.2825322311869565
n:  522 -1.7960296671456848 -0.2825322311869565
n:  523 -1.7952198209895067 -0.2825322311869565
n:  524 -1.7948712381889593 -0.2825322311869565
n:  525 -1.7940731329026258 -0.2825322311869565
n:  526 -1.7937548693585372 -0.2825322311869565
n:  527 -1.7937548693585372 -0.2825322311869565
n:  528 -1.7937548693585377 -0.2825322311869565
n:  529 -1.793583824105843 -0.2825322311869565
n:  530 -1.793583824105843 -0.2825322311869565
n:  531 -1.7902399644366502 -0.2825322311869565
n:  532 -1.789909642781143 -0.2825322311869565
n:  533 -1.789909642781143 -0.2825322311869565
n:  534 -1.7835913326211053 -0.2825322311869565
n:  535 -1.7835913326211048 -0.2825322311869565
n:  536 -1.7823518645757963 -0.2825322311869565
n:  537 -1.7797239903036617 -0.2825322311869565
n:  538 -1.7794080031994626 -0.2825322311869565
n:  539 -1.7791035454359991 -0.2825322311869565
n:  540 -1.7791035454359991 -0.2825322311869565
n:  541 -1.7791035454359991 -0.2825322311869565
n:  542 -1.7787684926942047 -0.2825322311869565
n:  543 -1.7782193036338259 -0.2825322311869565
n:  544 -1.7754469085500744 -0.2825322311869565
n:  545 -1.7737959627537145 -0.2825322311869565
n:  546 -1.7737959627537145 -0.2825322311869565
n:  547 -1.773292265056863 -0.2825322311869565
n:  548 -1.7722938323467075 -0.2825322311869565
n:  549 -1.770695044920246 -0.2825322311869565
n:  550 -1.7702772233558184 -0.2825322311869565
n:  551 -1.7702772233558182 -0.2825322311869565
n:  552 -1.7702459279622857 -0.2825322311869565
n:  553 -1.7685699300019502 -0.2825322311869565
n:  554 -1.7684940203875672 -0.2825322311869565
n:  555 -1.7684940203875679 -0.2825322311869565
n:  556 -1.7684940203875674 -0.2825322311869565
n:  557 -1.7672251414312004 -0.2825322311869565
n:  558 -1.7655534246871056 -0.2825322311869565
n:  559 -1.7605000501734986 -0.2825322311869565
n:  560 -1.753427302334156 -0.23585395777656215
n:  561 -1.7532060095808453 -0.23585395777656215
n:  562 -1.7528742694903514 -0.23585395777656215
n:  563 -1.7485895052788518 -0.23585395777656215
n:  564 -1.7485895052788518 -0.23585395777656215
n:  565 -1.7485895052788518 -0.23585395777656215
n:  566 -1.7484155374225008 -0.23585395777656215
n:  567 -1.7475094214004339 -0.23585395777656215
n:  568 -1.747108360792606 -0.23585395777656215
n:  569 -1.7469331683841687 -0.23585395777656215
n:  570 -1.7468230204672581 -0.23585395777656215
n:  571 -1.7466183136622033 -0.23585395777656215
n:  572 -1.7455782332005865 -0.23585395777656215
n:  573 -1.7451104533946693 -0.23585395777656215
n:  574 -1.7424452982883587 -0.23585395777656215
n:  575 -1.7405222004276901 -0.23585395777656215
n:  576 -1.7399057164574612 -0.23585395777656215
n:  577 -1.7394100160391424 -0.23585395777656215
n:  578 -1.7377840605706623 -0.23585395777656215
n:  579 -1.7365734646602171 -0.23585395777656215
n:  580 -1.7329514475021153 -0.23585395777656215
n:  581 -1.7329514475021153 -0.23585395777656215
n:  582 -1.732619554126189 -0.23585395777656215
n:  583 -1.7326195541261893 -0.23585395777656215
n:  584 -1.732619554126189 -0.23585395777656215
n:  585 -1.7326195541261888 -0.23585395777656215
n:  586 -1.7314995588245634 -0.12385442761401189
n:  587 -1.7304639849437031 -0.12385442761401189
n:  588 -1.7291165656710665 -0.12385442761401189
n:  589 -1.7284398773617682 -0.12385442761401189
n:  590 -1.7281620433744285 -0.12385442761401189
n:  591 -1.7268886062998126 -0.12385442761401189
n:  592 -1.725343147090402 -0.12385442761401189
n:  593 -1.7228839203035498 -0.12385442761401189
n:  594 -1.7215006345247341 -0.12385442761401189
n:  595 -1.7190734291958834 -0.12385442761401189
n:  596 -1.7187288966482364 -0.12385442761401189
n:  597 -1.716261782135313 -0.08961331363250569
n:  598 -1.7147753914670298 -0.08961331363250569
n:  599 -1.7140553348187957 -0.08961331363250569
n:  600 -1.7134273209935298 -0.08961331363250569
n:  601 -1.7133626810886864 -0.08314932314818613
n:  602 -1.7126866976903772 -0.03276263002383928
n:  603 -1.7125228227100573 -0.03276263002383928
n:  604 -1.7119552559882292 -0.03276263002383928
n:  605 -1.7095469754794594 -0.03276263002383928
n:  606 -1.7089474725299272 -0.03276263002383928
n:  607 -1.7076143204791066 -0.03276263002383928
n:  608 -1.7032467144933507 -0.03276263002383928
n:  609 -1.70297692071924 -0.03276263002383928
n:  610 -1.70297692071924 -0.03276263002383928
n:  611 -1.6993202711897524 -0.03276263002383928
n:  612 -1.6991260025314106 -0.03276263002383928
n:  613 -1.6984265026773189 -0.03276263002383928
n:  614 -1.6982435992897955 -0.03276263002383928
n:  615 -1.6982435992897953 -0.03276263002383928
n:  616 -1.6975553873245743 -0.03276263002383928
n:  617 -1.6974345485991404 -0.03276263002383928
n:  618 -1.6954867386911534 -0.03276263002383928
n:  619 -1.6954867386911534 -0.03276263002383928
n:  620 -1.695486738691153 -0.03276263002383928
n:  621 -1.6941869302921586 -0.03276263002383928
n:  622 -1.6941521745955885 -0.03276263002383928
n:  623 -1.693134531947417 -0.03276263002383928
n:  624 -1.6897618344172434 -0.03276263002383928
n:  625 -1.6895824873638445 -0.03276263002383928
n:  626 -1.6876342319262327 -0.03276263002383928
n:  627 -1.684596502158129 -0.03276263002383928
n:  628 -1.6834754676715296 -0.03276263002383928
n:  629 -1.6827986632797647 -0.03276263002383928
n:  630 -1.6817663926824198 -0.03276263002383928
n:  631 -1.6817663926824202 -0.03276263002383928
n:  632 -1.6810437447342934 -0.03276263002383928
n:  633 -1.6794595514588437 -0.03276263002383928
n:  634 -1.6794595514588442 -0.03276263002383928
n:  635 -1.67751141837524 -0.03276263002383928
n:  636 -1.6773448192487437 -0.03276263002383928
n:  637 -1.6700618839742436 -0.03276263002383928
n:  638 -1.6668618947417675 -0.03276263002383928
n:  639 -1.6659889772796017 -0.03276263002383928
n:  640 -1.6659889772796022 -0.03276263002383928
n:  641 -1.6649528531840383 -0.03276263002383928
n:  642 -1.6643738562870272 -0.03276263002383928
n:  643 -1.664373856287027 -0.03276263002383928
n:  644 -1.663064050997683 -0.03276263002383928
n:  645 -1.6624772120919133 -0.03276263002383928
n:  646 -1.6612169523089606 -0.03276263002383928
n:  647 -1.6609827656807468 -0.03276263002383928
n:  648 -1.660982765680747 -0.03276263002383928
n:  649 -1.6592708913364311 -0.03276263002383928
n:  650 -1.6587093878869072 -0.03276263002383928
n:  651 -1.6574354967620284 -0.03276263002383928
n:  652 -1.6558029952432745 -0.03276263002383928
n:  653 -1.653849503468819 -0.03276263002383928
n:  654 -1.6466973106406382 -0.03276263002383928
n:  655 -1.646697310640638 -0.03276263002383928
n:  656 -1.6422890062424147 -0.03276263002383928
n:  657 -1.6416047431193383 -0.03276263002383928
n:  658 -1.641604743119338 -0.03276263002383928
n:  659 -1.6416047431193383 -0.03276263002383928
n:  660 -1.6410939554539796 -0.03276263002383928
n:  661 -1.638819801373469 -0.03276263002383928
n:  662 -1.638819801373469 -0.03276263002383928
n:  663 -1.638819801373469 -0.03276263002383928
n:  664 -1.6388198013734683 -0.03276263002383928
n:  665 -1.6384219597112994 -0.016947333446347024
n:  666 -1.6363355767320713 -0.016947333446347024
n:  667 -1.6363355767320713 -0.016947333446347024
n:  668 -1.635387649123222 -0.016947333446347024
n:  669 -1.6341008623979403 -0.016947333446347024
n:  670 -1.6337304396349936 -0.016947333446347024
n:  671 -1.6334839819964475 -0.016947333446347024
n:  672 -1.6334703479606014 -0.016947333446347024
n:  673 -1.6325316289409764 -0.016947333446347024
n:  674 -1.6322244550581524 -0.016947333446347024
n:  675 -1.632096156375494 -0.016947333446347024
n:  676 -1.6320961563754934 -0.016947333446347024
n:  677 -1.631721717011076 -0.016947333446347024
n:  678 -1.6317217170110758 -0.016947333446347024
n:  679 -1.630738962715909 -0.016947333446347024
n:  680 -1.6256835825356917 -0.016947333446347024
n:  681 -1.6256835825356917 -0.016947333446347024
n:  682 -1.6254912938423274 -0.016947333446347024
n:  683 -1.623103022489341 -0.016947333446347024
n:  684 -1.620755081414854 -0.016947333446347024
n:  685 -1.615753035137521 -0.016947333446347024
n:  686 -1.615753035137521 -0.016947333446347024
n:  687 -1.6157530351375216 -0.016947333446347024
n:  688 -1.6157530351375216 -0.016947333446347024
n:  689 -1.61495163785092 -0.016947333446347024
n:  690 -1.6139125552783735 -0.016947333446347024
n:  691 -1.6139125552783733 -0.016947333446347024
n:  692 -1.6137148013156075 -0.016947333446347024
n:  693 -1.6137148013156073 -0.016947333446347024
n:  694 -1.6133586792887897 -0.016947333446347024
n:  695 -1.6129946531728 -0.016947333446347024
n:  696 -1.6123091131974072 -0.016947333446347024
n:  697 -1.6123091131974077 -0.016947333446347024
n:  698 -1.6099783266145153 -0.016947333446347024
n:  699 -1.6088505453188893 -0.016947333446347024
n:  700 -1.607946973227272 -0.016947333446347024
n:  701 -1.6079469732272722 -0.016947333446347024
n:  702 -1.6065573863700247 -0.016947333446347024
n:  703 -1.6063492472096694 -0.016947333446347024
n:  704 -1.6052933311618498 -0.016947333446347024
n:  705 -1.6052933311618494 -0.016947333446347024
n:  706 -1.6046613922800443 -0.016947333446347024
n:  707 -1.6039154521193724 -0.016947333446347024
n:  708 -1.603915452119372 -0.016947333446347024
n:  709 -1.5996410661882452 -0.016947333446347024
n:  710 -1.5992867579854746 -0.016947333446347024
n:  711 -1.5992867579854746 -0.016947333446347024
n:  712 -1.5974498222916447 -0.016947333446347024
n:  713 -1.597310745940556 -0.016947333446347024
n:  714 -1.596633686041843 -0.016947333446347024
n:  715 -1.5954348842328576 -0.016947333446347024
n:  716 -1.5951394298121746 -0.016947333446347024
n:  717 -1.5927312526094823 -0.016947333446347024
n:  718 -1.59224919424326 -0.016947333446347024
n:  719 -1.5913875080008857 -0.016947333446347024
n:  720 -1.5877039803556872 -0.016947333446347024
n:  721 -1.585867659532037 -0.016947333446347024
n:  722 -1.5852570864624347 -0.016947333446347024
n:  723 -1.580516919168292 -0.016947333446347024
n:  724 -1.5801458000192699 -0.016947333446347024
n:  725 -1.5798059283114874 -0.016947333446347024
n:  726 -1.5798059283114874 -0.016947333446347024
n:  727 -1.5797977418627795 -0.016947333446347024
n:  728 -1.5797977418627798 -0.016947333446347024
n:  729 -1.5792893628167244 -0.016947333446347024
n:  730 -1.5788324472575004 -0.016947333446347024
n:  731 -1.5786177231878384 -0.016947333446347024
n:  732 -1.5784979482349288 -0.016947333446347024
n:  733 -1.5780787949197381 -0.016947333446347024
n:  734 -1.5780787949197383 -0.016947333446347024
n:  735 -1.576995431947801 -0.016947333446347024
n:  736 -1.5769954319478006 -0.016947333446347024
n:  737 -1.576480577204646 -0.016947333446347024
n:  738 -1.5752478367757499 -0.016947333446347024
n:  739 -1.5744362814155648 -0.016947333446347024
n:  740 -1.570931739465027 -0.016947333446347024
n:  741 -1.5709317394650273 -0.016947333446347024
n:  742 -1.5692225978384298 -0.016947333446347024
n:  743 -1.5692225978384298 -0.016947333446347024
n:  744 -1.5685331540804632 -0.016947333446347024
n:  745 -1.5685331540804628 -0.016947333446347024
n:  746 -1.5668617874736026 -0.016947333446347024
n:  747 -1.566841793618986 -0.016947333446347024
n:  748 -1.5661816576792762 -0.016947333446347024
n:  749 -1.5659213848701705 -0.016947333446347024
n:  750 -1.564411288739195 -0.016947333446347024
n:  751 -1.5644112887391952 -0.016947333446347024
n:  752 -1.5632539643094483 -0.016947333446347024
n:  753 -1.561793167050153 -0.016947333446347024
n:  754 -1.5614743824945865 -0.016947333446347024
n:  755 -1.5614298835149598 -0.016947333446347024
n:  756 -1.5590772260792858 -0.016947333446347024
n:  757 -1.5590772260792858 -0.016947333446347024
n:  758 -1.559077226079286 -0.016947333446347024
n:  759 -1.5568735668155889 -0.016947333446347024
n:  760 -1.5553582008530713 -0.016947333446347024
n:  761 -1.551199623246034 -0.016947333446347024
n:  762 -1.5504402126576287 -0.016947333446347024
n:  763 -1.5501887254325057 -0.016947333446347024
n:  764 -1.550009822067723 -0.016947333446347024
n:  765 -1.5492181034258936 -0.016947333446347024
n:  766 -1.5490756834266117 -0.016947333446347024
n:  767 -1.548173128555749 -0.016947333446347024
n:  768 -1.5481731285557487 -0.016947333446347024
n:  769 -1.5481731285557487 -0.016947333446347024
n:  770 -1.5481731285557485 -0.016947333446347024
n:  771 -1.548173128555749 -0.016947333446347024
n:  772 -1.5470101925878579 -0.016947333446347024
n:  773 -1.5469198604006253 -0.016947333446347024
n:  774 -1.5431086201145237 -0.016947333446347024
n:  775 -1.543037724284693 -0.016947333446347024
n:  776 -1.542614617421066 -0.016947333446347024
n:  777 -1.5421488998441788 -0.016947333446347024
n:  778 -1.5421488998441788 -0.016947333446347024
n:  779 -1.5394480030689235 -0.016947333446347024
n:  780 -1.5384079907473447 -0.016947333446347024
n:  781 -1.53794108329635 -0.016947333446347024
n:  782 -1.5377958824875537 -0.016947333446347024
n:  783 -1.5377958824875537 -0.016947333446347024
n:  784 -1.5374792579856822 -0.016947333446347024
n:  785 -1.5374792579856824 -0.016947333446347024
n:  786 -1.5365353602868452 -0.016947333446347024
n:  787 -1.5359477083290236 -0.016947333446347024
n:  788 -1.535814441316999 -0.016947333446347024
n:  789 -1.5344099648255634 -0.016947333446347024
n:  790 -1.5325918602056392 -0.016947333446347024
n:  791 -1.532111838234083 -0.016947333446347024
n:  792 -1.5309509383406172 -0.016947333446347024
n:  793 -1.5308591968553387 -0.016947333446347024
n:  794 -1.5304177130529988 -0.016947333446347024
n:  795 -1.5304177130529986 -0.016947333446347024
n:  796 -1.5302858046916432 -0.016947333446347024
n:  797 -1.529821073428321 -0.016947333446347024
n:  798 -1.5261886948393857 -0.016947333446347024
n:  799 -1.5244782950526303 -0.016947333446347024
n:  800 -1.5239419148965327 -0.016947333446347024
n:  801 -1.5239419148965327 -0.016947333446347024
n:  802 -1.5239419148965327 -0.016947333446347024
n:  803 -1.5239419148965325 -0.016947333446347024
n:  804 -1.5239419148965332 -0.016947333446347024
n:  805 -1.5239419148965332 -0.016947333446347024
n:  806 -1.522427513175917 -0.016947333446347024
n:  807 -1.5195810800719942 -0.016947333446347024
n:  808 -1.5195810800719938 -0.016947333446347024
n:  809 -1.5177445373951841 -0.016947333446347024
n:  810 -1.5171999297878365 -0.016947333446347024
n:  811 -1.5161649090841633 -0.016947333446347024
n:  812 -1.515560563111998 -0.016947333446347024
n:  813 -1.5148165616274412 -0.016947333446347024
n:  814 -1.5148165616274412 -0.016947333446347024
n:  815 -1.514346366386853 -0.016947333446347024
n:  816 -1.5143463663868533 -0.016947333446347024
n:  817 -1.5142691976942197 -0.016947333446347024
n:  818 -1.5142691976942197 -0.016947333446347024
n:  819 -1.513979399902819 -0.016947333446347024
n:  820 -1.513979399902819 -0.016947333446347024
n:  821 -1.5138261473009111 -0.016947333446347024
n:  822 -1.513826147300911 -0.016947333446347024
n:  823 -1.5138261473009111 -0.016947333446347024
n:  824 -1.513797268886806 -0.016947333446347024
n:  825 -1.5137972688868058 -0.016947333446347024
n:  826 -1.5127410300325534 -0.016947333446347024
n:  827 -1.5127410300325534 -0.016947333446347024
n:  828 -1.511319574612639 -0.016947333446347024
n:  829 -1.5113195746126389 -0.016947333446347024
n:  830 -1.5113195746126389 -0.016947333446347024
n:  831 -1.511218813127967 -0.016947333446347024
n:  832 -1.5111800478929627 -0.016947333446347024
n:  833 -1.5111800478929627 -0.016947333446347024
n:  834 -1.511180047892963 -0.016947333446347024
n:  835 -1.5103061237198974 -0.016947333446347024
n:  836 -1.5092606994991076 -0.016947333446347024
n:  837 -1.508945394795015 -0.016947333446347024
n:  838 -1.5077598365730933 -0.016947333446347024
n:  839 -1.5077598365730933 -0.016947333446347024
n:  840 -1.5069818376355615 -0.016947333446347024
n:  841 -1.5064623028905424 -0.016947333446347024
n:  842 -1.5054617625124203 -0.016947333446347024
n:  843 -1.5054617625124203 -0.016947333446347024
n:  844 -1.5040387023024198 -0.016947333446347024
n:  845 -1.5039972548278047 -0.016947333446347024
n:  846 -1.5036556785356845 -0.016947333446347024
n:  847 -1.503446313860556 -0.016947333446347024
n:  848 -1.5027161151742856 -0.016947333446347024
n:  849 -1.5027161151742852 -0.016947333446347024
n:  850 -1.502716115174286 -0.016947333446347024
n:  851 -1.5027161151742854 -0.016947333446347024
n:  852 -1.5018475522008172 -0.016947333446347024
n:  853 -1.5018475522008174 -0.016947333446347024
n:  854 -1.5003343302152459 -0.016947333446347024
n:  855 -1.4988612051332755 -0.016947333446347024
n:  856 -1.4988612051332755 -0.016947333446347024
n:  857 -1.4987238123132036 -0.016947333446347024
n:  858 -1.498723812313203 -0.016947333446347024
n:  859 -1.4980995689207708 -0.016947333446347024
n:  860 -1.4979513089614214 -0.016947333446347024
n:  861 -1.4935631728961372 -0.016947333446347024
n:  862 -1.4935631728961374 -0.016947333446347024
n:  863 -1.4916148201168244 -0.016947333446347024
n:  864 -1.491614820116824 -0.016947333446347024
n:  865 -1.4892678966432766 -0.016947333446347024
n:  866 -1.487805120786286 -0.016947333446347024
n:  867 -1.4855794760802434 -0.016947333446347024
n:  868 -1.485579476080243 -0.016947333446347024
n:  869 -1.4821769855096967 -0.016947333446347024
n:  870 -1.4817024036316477 -0.016947333446347024
n:  871 -1.4817024036316477 -0.016947333446347024
n:  872 -1.4786906649817257 -0.016947333446347024
n:  873 -1.472875195919865 -0.016947333446347024
n:  874 -1.4719954533176318 -0.016947333446347024
n:  875 -1.465622844237391 -0.016947333446347024
n:  876 -1.465622844237391 -0.016947333446347024
n:  877 -1.4654206221533144 -0.016947333446347024
n:  878 -1.464886955354934 -0.016947333446347024
n:  879 -1.4644148127223757 -0.016947333446347024
n:  880 -1.4632809271123421 -0.016947333446347024
n:  881 -1.4589752663141362 -0.016947333446347024
n:  882 -1.4553662431428669 -0.016947333446347024
n:  883 -1.455366243142867 -0.016947333446347024
n:  884 -1.4551721979373589 -0.016947333446347024
n:  885 -1.4551721979373584 -0.016947333446347024
n:  886 -1.4549538297449498 -0.016947333446347024
n:  887 -1.4549538297449502 -0.016947333446347024
n:  888 -1.4516859065387038 -0.016947333446347024
n:  889 -1.4516859065387038 -0.016947333446347024
n:  890 -1.4510457537673382 -0.016947333446347024
n:  891 -1.446056712490367 -0.016947333446347024
n:  892 -1.4451698696686768 -0.016947333446347024
n:  893 -1.4445613226465246 -0.016947333446347024
n:  894 -1.4445613226465244 -0.016947333446347024
n:  895 -1.4425363224944021 -0.016947333446347024
n:  896 -1.441669323665864 -0.016947333446347024
n:  897 -1.440338876727965 -0.016947333446347024
n:  898 -1.4402306222202628 -0.016947333446347024
n:  899 -1.4402306222202637 -0.016947333446347024
n:  900 -1.440015134566685 -0.016947333446347024
n:  901 -1.4380487736829528 -0.016947333446347024
n:  902 -1.4380487736829526 -0.016947333446347024
n:  903 -1.4377563914234033 -0.016947333446347024
n:  904 -1.4354901575468852 -0.016947333446347024
n:  905 -1.4335309333343562 -0.016947333446347024
n:  906 -1.432012073705562 -0.016947333446347024
n:  907 -1.4319265756182045 -0.016947333446347024
n:  908 -1.429588853666396 -0.016947333446347024
n:  909 -1.4292472329550936 -0.016947333446347024
n:  910 -1.4292472329550936 -0.016947333446347024
n:  911 -1.4287702775898816 -0.016947333446347024
n:  912 -1.4286499776921093 -0.016947333446347024
n:  913 -1.4273563031821181 -0.016947333446347024
n:  914 -1.4260129123474825 -0.016947333446347024
n:  915 -1.4249484436687627 -0.016947333446347024
n:  916 -1.422152996595858 -0.016947333446347024
n:  917 -1.4221529965958575 -0.016947333446347024
n:  918 -1.4213157394109044 -0.016947333446347024
n:  919 -1.4210952021372527 -0.016947333446347024
n:  920 -1.421095202137253 -0.016947333446347024
n:  921 -1.4208463131336222 -0.016947333446347024
n:  922 -1.420846313133622 -0.016947333446347024
n:  923 -1.4198693839992924 -0.016947333446347024
n:  924 -1.4198693839992926 -0.016947333446347024
n:  925 -1.4198693839992926 -0.016947333446347024
n:  926 -1.419225466932062 -0.016947333446347024
n:  927 -1.4181514254090997 -0.016947333446347024
n:  928 -1.4181514254090999 -0.016947333446347024
n:  929 -1.4161222886715317 -0.016947333446347024
n:  930 -1.4149691134001672 -0.016947333446347024
n:  931 -1.4118265227354214 -0.016947333446347024
n:  932 -1.4111103793521291 -0.016947333446347024
n:  933 -1.4110786933438597 -0.016947333446347024
n:  934 -1.4110786933438593 -0.016947333446347024
n:  935 -1.4097944640631004 -0.016947333446347024
n:  936 -1.4096050612185531 -0.016947333446347024
n:  937 -1.4094934938856418 -0.016947333446347024
n:  938 -1.4093277834315026 -0.016947333446347024
n:  939 -1.4068941384430043 -0.016947333446347024
n:  940 -1.4068941384430038 -0.016947333446347024
n:  941 -1.4058268803891627 -0.016947333446347024
n:  942 -1.4053175557034698 -0.016947333446347024
n:  943 -1.403762335326739 -0.016947333446347024
n:  944 -1.402865555253089 -0.016947333446347024
n:  945 -1.4025091042322095 -0.016947333446347024
n:  946 -1.4008548303361719 -0.016947333446347024
n:  947 -1.4002695844997877 -0.016947333446347024
n:  948 -1.3993816459776836 -0.016947333446347024
n:  949 -1.3993128387634084 -0.016947333446347024
n:  950 -1.3993128387634086 -0.016947333446347024
n:  951 -1.3969453770657279 -0.016947333446347024
n:  952 -1.3958239344086565 -0.016947333446347024
n:  953 -1.3953030419139967 -0.016947333446347024
n:  954 -1.395303041913996 -0.016947333446347024
n:  955 -1.3941926818784285 -0.016947333446347024
n:  956 -1.3933108514601906 -0.016947333446347024
n:  957 -1.3918782072025186 -0.016947333446347024
n:  958 -1.3880515642453193 -0.016947333446347024
n:  959 -1.3877078874773534 -0.016947333446347024
n:  960 -1.3862363871099899 -0.016947333446347024
n:  961 -1.3862363871099899 -0.016947333446347024
n:  962 -1.38621656769606 -0.016947333446347024
n:  963 -1.3862165676960603 -0.016947333446347024
n:  964 -1.3823465744477306 -0.016947333446347024
n:  965 -1.381938941449665 -0.016947333446347024
n:  966 -1.3810949446085354 -0.016947333446347024
n:  967 -1.3809891815626318 -0.016947333446347024
n:  968 -1.380989181562632 -0.016947333446347024
n:  969 -1.3799685177390153 -0.016947333446347024
n:  970 -1.376949476699562 -0.016947333446347024
n:  971 -1.3759842572410224 -0.016947333446347024
n:  972 -1.3759842572410224 -0.016947333446347024
n:  973 -1.37544243075494 -0.016947333446347024
n:  974 -1.3741290100063688 -0.016947333446347024
n:  975 -1.373218296363679 -0.016947333446347024
n:  976 -1.3726451262138917 -0.016947333446347024
n:  977 -1.3712435818928879 -0.016947333446347024
n:  978 -1.3712435818928876 -0.016947333446347024
n:  979 -1.3712435818928876 -0.016947333446347024
n:  980 -1.370050688461121 -0.016947333446347024
n:  981 -1.3699317804291171 -0.016947333446347024
n:  982 -1.3693973605484104 -0.016947333446347024
n:  983 -1.3693973605484098 -0.016947333446347024
n:  984 -1.3686926883593773 -0.016947333446347024
n:  985 -1.3676373812353042 -0.016947333446347024
n:  986 -1.3667318427575479 0.03173330440371824
n:  987 -1.365248586617855 0.03173330440371824
n:  988 -1.3652485866178552 0.03173330440371824
n:  989 -1.3645052702445661 0.03173330440371824
n:  990 -1.3645052702445661 0.03173330440371824
n:  991 -1.3633352487646666 0.03173330440371824
n:  992 -1.3633352487646666 0.03173330440371824
n:  993 -1.3620871583614163 0.03173330440371824
n:  994 -1.359954296456489 0.03173330440371824
n:  995 -1.3586398078697193 0.03173330440371824
n:  996 -1.356313009128487 0.03173330440371824
n:  997 -1.3563130091284874 0.03173330440371824
n:  998 -1.3553161744648574 0.03173330440371824
n:  999 -1.3531395891953242 0.03173330440371824
n:  1000 -1.3509078200613676 0.03173330440371824
n:  1001 -1.3490611655897882 0.03173330440371824
n:  1002 0.03173330440371824
Final Robustness:  -3.7638368721763023
Final cost:  37.63836872176302
Solution
[[  0.          -2.4447305   -5.29269951  -5.51821762  -7.32620486
   -7.32377116  -5.28404111  -0.39493615   3.24436953   2.82836402]
 [  0.          -3.05284685  -6.81847763 -10.65824059 -14.14631452
  -14.21410365  -9.14614505  -6.09352842  -2.22258789   1.92475784]
 [  0.           3.91108439   4.72132425   3.84637986   3.92880104
    0.0678328    5.46303057   5.76383687   5.31307128   4.16815753]]
Robustness of predicates 1 (obstacle), 2 (eventually), 3 (speed)
[1.0, 4.052846854425799, 7.818477628008538, 11.658240588621297, 15.146314518404981, 15.21410364724951, 10.14614504894224, 7.093528423346127, 3.222587894657858, -0.17163597601965908]
[-0.5769230769230769, -0.9630688143006167, -1.5260092414295876, -2.2511135930569317, -3.1478616435007782, -3.7433525272684274, -3.4423056929414177, -3.556920124513567, -3.4260782894407744, -2.9108872600772018]
[2.0, -1.9110843919710532, -2.721324246785601, -1.8463798577632091, -1.9288010369982334, 1.9321671990619, -3.4630305729285187, -3.7638368721763023, -3.3130712834166864, -2.16815752967946]
Combined Robustness Vector
[-0.5769230769230769, -1.9110843919710532, -2.721324246785601, -2.2511135930569317, -3.1478616435007782, -3.7433525272684274, -3.4630305729285187, -3.7638368721763023, -3.4260782894407744, -2.9108872600772018]
